2 0.8109375 0.31328125 0.178125 0.3671875
3 0.56328125 0.09921875 0.0828125 0.1953125
1 0.33984375 0.296875 0.0203125 0.06875
0 0.775 0.00546875 0.03125 0.0109375
0 0.6453125 0.09453125 0.05625 0.0921875
1 0.409375 0.30546875 0.025 0.0765625
1 0.36484375 0.69765625 0.0546875 0.1515625
2 0.6453125 0.09453125 0.05625 0.0921875
0 0.8203125 0.05234375 0.059375 0.0609375
1 0.21875 0.6546875 0.053125 0.1375
3 0.47109375 0.015625 0.0328125 0.03125
0 0.8296875 0.05625 0.040625 0.05625
3 0.6015625 0.01953125 0.034375 0.0390625
