2 0.69921875 0.221875 0.1359375 0.234375
2 0.91484375 0.740625 0.1671875 0.509375
3 0.4078125 0.11953125 0.0875 0.1640625
3 0.4734375 0.0484375 0.04375 0.09375
1 0.16796875 0.8765625 0.0765625 0.209375
3 0.63046875 0.0859375 0.0515625 0.103125
1 0.26484375 0.890625 0.0609375 0.18125
1 0.3859375 0.49140625 0.0375 0.1109375
0 0.59609375 0.05546875 0.0296875 0.0453125
3 0.54921875 0.0578125 0.0515625 0.115625
1 0.4453125 0.32265625 0.025 0.0734375
1 0.39296875 0.30703125 0.0234375 0.0703125
3 0.546875 0.0125 0.034375 0.025
2 0.8640625 0.06640625 0.071875 0.0859375
0 0.55 0.08046875 0.05 0.0703125
