2 0.8125 0.34921875 0.178125 0.3703125
0 0.60234375 0.29140625 0.0828125 0.1640625
1 0.36484375 0.8703125 0.0578125 0.184375
1 0.3640625 0.5828125 0.040625 0.121875
1 0.43359375 0.196875 0.0203125 0.053125
1 0.303125 0.47890625 0.040625 0.1078125
1 0.30546875 0.66875 0.0453125 0.140625
1 0.41796875 0.6046875 0.0453125 0.140625
1 0.36640625 0.28671875 0.0203125 0.0609375
3 0.57109375 0.09921875 0.0546875 0.1328125
0 0.53828125 0.0203125 0.0359375 0.040625
1 0.36875 0.43203125 0.03125 0.0703125
2 0.88359375 0.0625 0.0953125 0.125
1 0.3953125 0.19765625 0.028125 0.0515625
