0 0.73984375 0.27890625 0.0890625 0.1328125
0 0.634375 0.10546875 0.04375 0.0640625
2 0.60234375 0.046875 0.0421875 0.09375
1 0.1921875 0.60546875 0.05 0.1265625
3 0.603125 0.21953125 0.084375 0.2078125
1 0.24765625 0.60546875 0.0484375 0.1296875
0 0.54921875 0.07109375 0.0359375 0.0578125
1 0.40625 0.53671875 0.0375 0.1140625
1 0.30546875 0.75625 0.0578125 0.159375
0 0.56328125 0.0078125 0.0171875 0.015625
1 0.340625 0.45703125 0.03125 0.0921875
2 0.81640625 0.73203125 0.3640625 0.5328125
0 0.54375 0.02109375 0.028125 0.0421875
