3 0.4546875 0.028125 0.04375 0.05625
2 0.86015625 0.0453125 0.1515625 0.090625
0 0.91640625 0.65546875 0.1640625 0.4015625
1 0.38359375 0.2296875 0.0234375 0.0625
2 0.6890625 0.13828125 0.13125 0.2765625
2 0.91640625 0.65546875 0.1640625 0.4015625
0 0.753125 0.05 0.034375 0.046875
3 0.56875 0.11640625 0.09375 0.2328125
0 0.84765625 0.1109375 0.0640625 0.075
2 0.56875 0.11640625 0.09375 0.2328125
0 0.971875 0.20546875 0.053125 0.1109375
3 0.6890625 0.13828125 0.13125 0.2765625
0 0.71171875 0.01484375 0.0265625 0.0265625
0 0.58671875 0.0125 0.0140625 0.025
