3 0.775 0.03046875 0.078125 0.0609375
2 0.9203125 0.6046875 0.15625 0.615625
2 0.5984375 0.21796875 0.14375 0.4046875
3 0.403125 0.3640625 0.128125 0.340625
1 0.1390625 0.88203125 0.065625 0.1734375
1 0.3921875 0.62421875 0.046875 0.1296875
2 0.40234375 0.36484375 0.1265625 0.3390625
1 0.2375 0.89140625 0.071875 0.1921875
1 0.29921875 0.49765625 0.0359375 0.1109375
1 0.32109375 0.32421875 0.0234375 0.0734375
1 0.25703125 0.46875 0.0296875 0.090625
3 0.5984375 0.215625 0.14375 0.403125
0 0.540625 0.009375 0.021875 0.01875
