0 0.728125 0.28125 0.096875 0.15
3 0.60859375 0.06015625 0.0640625 0.1203125
2 0.64609375 0.40859375 0.1328125 0.2734375
2 0.7828125 0.03359375 0.084375 0.0671875
0 0.53359375 0.01484375 0.0296875 0.0296875
3 0.44453125 0.04765625 0.0546875 0.0953125
0 0.56796875 0.0078125 0.0265625 0.015625
1 0.328125 0.53125 0.0375 0.109375
1 0.37734375 0.32109375 0.0265625 0.0734375
2 0.60859375 0.06015625 0.0640625 0.1203125
1 0.41484375 0.221875 0.0203125 0.053125
1 0.21640625 0.60390625 0.0453125 0.1328125
1 0.44765625 0.2140625 0.0203125 0.053125
3 0.72734375 0.0140625 0.0390625 0.028125
