3 0.58515625 0.2015625 0.0859375 0.215625
0 0.65234375 0.13359375 0.0515625 0.0734375
2 0.8171875 0.04453125 0.134375 0.0890625
0 0.61015625 0.06875 0.0359375 0.053125
0 0.55234375 0.0625 0.0359375 0.05
1 0.30703125 0.5671875 0.0453125 0.125
0 0.83046875 0.10390625 0.0578125 0.0640625
1 0.3828125 0.55390625 0.040625 0.1203125
0 0.54296875 0.02109375 0.0265625 0.0421875
1 0.42890625 0.42578125 0.0296875 0.0890625
1 0.19375 0.7015625 0.05 0.15
1 0.465625 0.2265625 0.01875 0.05
1 0.38359375 0.2296875 0.0140625 0.040625
1 0.3828125 0.22421875 0.015625 0.0515625
