0 0.7765625 0.81484375 0.2625 0.3671875
2 0.946875 0.6171875 0.103125 0.540625
0 0.67421875 0.1515625 0.0703125 0.109375
0 0.56328125 0.09296875 0.0515625 0.0859375
1 0.19609375 0.89921875 0.0765625 0.1984375
2 0.6421875 0.0625 0.0625 0.125
1 0.31953125 0.88046875 0.0671875 0.2140625
1 0.271875 0.5640625 0.04375 0.121875
1 0.43203125 0.29765625 0.0296875 0.0796875
1 0.3671875 0.51484375 0.04375 0.1265625
0 0.60078125 0.02265625 0.0265625 0.0453125
2 0.54765625 0.0265625 0.0359375 0.053125
0 0.54765625 0.02734375 0.0359375 0.0546875
