2 0.9546875 0.6640625 0.0875 0.6625
1 0.271875 0.6515625 0.05 0.1375
3 0.61953125 0.20703125 0.1078125 0.2765625
2 0.85625 0.0796875 0.15 0.159375
3 0.54765625 0.053125 0.0546875 0.10625
1 0.35859375 0.62265625 0.0515625 0.1421875
1 0.3546875 0.4546875 0.03125 0.090625
0 0.5828125 0.01875 0.034375 0.0375
1 0.284375 0.4484375 0.03125 0.09375
2 0.7296875 0.01171875 0.040625 0.0234375
1 0.0796875 0.96875 0.053125 0.059375
0 0.47109375 0.0515625 0.0296875 0.0625
1 0.3421875 0.93984375 0.059375 0.1171875
3 0.61484375 0.12890625 0.0984375 0.1203125
1 0.4125 0.49453125 0.0375 0.1078125
