0 0.60390625 0.23671875 0.0703125 0.1234375
0 0.559375 0.14375 0.059375 0.09375
0 0.7796875 0.81328125 0.2375 0.3703125
0 0.5515625 0.0515625 0.034375 0.05
0 0.76328125 0.02265625 0.0421875 0.0453125
0 0.5671875 0.00859375 0.025 0.0171875
3 0.6234375 0.0640625 0.071875 0.128125
1 0.43046875 0.309375 0.0265625 0.078125
1 0.365625 0.31875 0.025 0.071875
2 0.7359375 0.01484375 0.03125 0.0296875
1 0.45859375 0.19140625 0.0171875 0.0484375
1 0.2453125 0.684375 0.046875 0.14375
2 0.62265625 0.0640625 0.0703125 0.128125
3 0.7796875 0.81328125 0.2375 0.3703125
