2 0.88515625 0.43125 0.2265625 0.440625
3 0.784375 0.03359375 0.08125 0.0671875
1 0.18203125 0.74921875 0.0484375 0.1484375
2 0.5859375 0.17578125 0.121875 0.3515625
1 0.31796875 0.4453125 0.0296875 0.09375
3 0.41484375 0.32421875 0.1171875 0.3015625
2 0.415625 0.325 0.11875 0.303125
1 0.33125 0.3015625 0.01875 0.0625
1 0.25546875 0.62265625 0.0421875 0.1328125
3 0.58671875 0.1765625 0.1203125 0.35
1 0.2859375 0.71953125 0.053125 0.1484375
1 0.28828125 0.41875 0.0234375 0.0625
1 0.31953125 0.91484375 0.0703125 0.1671875
