0 0.90078125 0.5953125 0.1953125 0.290625
3 0.3703125 0.21953125 0.121875 0.2578125
3 0.4640625 0.09140625 0.059375 0.1234375
3 0.60546875 0.03515625 0.0671875 0.0703125
1 0.38828125 0.68203125 0.0484375 0.1484375
2 0.86875 0.06484375 0.065625 0.1234375
1 0.29375 0.7546875 0.053125 0.15625
2 0.60546875 0.03515625 0.0671875 0.0703125
0 0.70703125 0.66328125 0.2859375 0.6703125
1 0.39140625 0.47421875 0.0359375 0.0984375
3 0.69375 0.53125 0.3125 0.934375
3 0.54609375 0.04921875 0.0390625 0.0984375
1 0.45234375 0.328125 0.0234375 0.0625
2 0.69375 0.53125 0.3125 0.934375
