2 0.65390625 0.10859375 0.0796875 0.1828125
2 0.859375 0.0515625 0.11875 0.103125
0 0.71484375 0.28671875 0.0859375 0.1328125
0 0.7546875 0.0546875 0.0375 0.05
3 0.559375 0.08125 0.065625 0.1625
1 0.3734375 0.32578125 0.021875 0.0734375
1 0.390625 0.16015625 0.015625 0.0453125
2 0.6015625 0.03125 0.03125 0.0625
0 0.76171875 0.0234375 0.0265625 0.028125
0 0.75625 0.01875 0.0375 0.0375
0 0.7046875 0.00546875 0.0375 0.0109375
1 0.46875 0.13828125 0.0125 0.0390625
3 0.6015625 0.03125 0.03125 0.0625
