3 0.69375 0.18828125 0.125 0.2578125
3 0.80390625 0.0609375 0.0921875 0.121875
3 0.42421875 0.0828125 0.0671875 0.134375
1 0.35078125 0.57421875 0.0453125 0.1265625
1 0.384375 0.36484375 0.03125 0.0796875
3 0.54765625 0.03984375 0.0390625 0.0796875
3 0.58359375 0.021875 0.0421875 0.04375
1 0.35703125 0.3359375 0.0265625 0.075
1 0.42890625 0.296875 0.0234375 0.06875
3 0.73515625 0.0171875 0.0640625 0.034375
1 0.24375 0.82109375 0.0625 0.1671875
1 0.2765625 0.98125 0.075 0.034375
1 0.47421875 0.14296875 0.0203125 0.0359375
