2 0.9140625 0.65546875 0.16875 0.6828125
0 0.63671875 0.421875 0.1140625 0.234375
2 0.8421875 0.0515625 0.103125 0.103125
1 0.33203125 0.60078125 0.0421875 0.1234375
3 0.5796875 0.13359375 0.065625 0.1578125
1 0.39296875 0.64609375 0.0421875 0.1296875
1 0.3125 0.8171875 0.053125 0.1625
0 0.62265625 0.0984375 0.0390625 0.071875
3 0.5421875 0.028125 0.040625 0.05625
1 0.34453125 0.353125 0.0265625 0.075
1 0.43828125 0.3859375 0.0296875 0.090625
1 0.24765625 0.6296875 0.0484375 0.1375
1 0.4171875 0.24453125 0.021875 0.0578125
1 0.38359375 0.228125 0.0296875 0.05625
0 0.60546875 0.04921875 0.0296875 0.0328125
1 0.25234375 0.4921875 0.0359375 0.0625
1 0.37421875 0.42109375 0.0296875 0.0953125
