0 0.5703125 0.15625 0.05 0.075
3 0.721875 0.26171875 0.109375 0.2109375
1 0.24765625 0.6171875 0.0484375 0.128125
2 0.93125 0.67265625 0.134375 0.6078125
0 0.6515625 0.4515625 0.13125 0.215625
1 0.35859375 0.521875 0.0421875 0.115625
0 0.6046875 0.07265625 0.0375 0.0609375
3 0.53515625 0.0265625 0.0328125 0.053125
2 0.63828125 0.30234375 0.1296875 0.1890625
2 0.53515625 0.0265625 0.0328125 0.053125
2 0.78203125 0.07890625 0.0671875 0.0828125
1 0.38515625 0.22890625 0.0171875 0.0484375
3 0.93203125 0.67265625 0.1328125 0.6109375
