2 0.79921875 0.2921875 0.2171875 0.40625
0 0.6296875 0.48125 0.134375 0.2875
2 0.62890625 0.05 0.0578125 0.1
0 0.55390625 0.0640625 0.0453125 0.075
0 0.53828125 0.00546875 0.0265625 0.0109375
0 0.5859375 0.00859375 0.028125 0.0171875
1 0.25 0.6734375 0.05625 0.15
1 0.10234375 0.81796875 0.0609375 0.1734375
1 0.321875 0.78125 0.065625 0.196875
1 0.38125 0.6203125 0.04375 0.13125
1 0.34453125 0.26328125 0.0203125 0.0671875
2 0.88515625 0.04453125 0.0921875 0.0890625
1 0.41328125 0.37734375 0.0296875 0.0890625
1 0.34765625 0.51953125 0.0421875 0.1234375
