0 0.7125 0.240625 0.08125 0.1125
2 0.784375 0.034375 0.1125 0.06875
0 0.5671875 0.1109375 0.046875 0.06875
0 0.6359375 0.115625 0.05 0.06875
0 0.58515625 0.2515625 0.0671875 0.1375
0 0.5484375 0.04140625 0.03125 0.0546875
1 0.44375 0.41875 0.028125 0.0875
1 0.36171875 0.89375 0.0515625 0.171875
1 0.20859375 0.71875 0.0421875 0.14375
1 0.17109375 0.95625 0.1015625 0.084375
2 0.64609375 0.41875 0.1578125 0.396875
1 0.3859375 0.56328125 0.040625 0.1203125
0 0.5671875 0.00703125 0.025 0.0140625
1 0.35234375 0.2984375 0.0203125 0.065625
3 0.64765625 0.41875 0.1578125 0.396875
1 0.253125 0.53984375 0.0375 0.1171875
2 0.6359375 0.30859375 0.1375 0.1765625
0 0.6484375 0.41875 0.15625 0.4
