3 0.76328125 0.02734375 0.0703125 0.0546875
1 0.371875 0.746875 0.05 0.153125
1 0.22265625 0.54921875 0.0390625 0.1046875
1 0.18046875 0.8578125 0.0640625 0.19375
1 0.2734375 0.56328125 0.04375 0.1234375
2 0.8546875 0.07578125 0.121875 0.1453125
1 0.30703125 0.35546875 0.0234375 0.0765625
3 0.390625 0.415625 0.14375 0.3875
3 0.5765625 0.128125 0.096875 0.209375
2 0.61796875 0.35703125 0.1609375 0.2859375
0 0.58828125 0.01953125 0.0234375 0.0203125
2 0.38984375 0.415625 0.1453125 0.3875
0 0.53984375 0.015625 0.0234375 0.021875
2 0.61328125 0.2609375 0.1703125 0.478125
