2 0.859375 0.365625 0.21875 0.41875
0 0.65 0.44453125 0.13125 0.2671875
0 0.55546875 0.06015625 0.0421875 0.0734375
0 0.64453125 0.1 0.0578125 0.084375
2 0.61953125 0.0421875 0.0515625 0.084375
0 0.5421875 0.015625 0.03125 0.03125
1 0.29453125 0.72578125 0.0578125 0.1703125
1 0.39765625 0.36015625 0.0296875 0.0890625
1 0.32578125 0.3859375 0.0265625 0.0875
1 0.2953125 0.53515625 0.05 0.0953125
1 0.38671875 0.70703125 0.0578125 0.1734375
1 0.378125 0.51328125 0.04375 0.1171875
0 0.58828125 0.01171875 0.0171875 0.0234375
