2 0.87421875 0.56484375 0.2484375 0.8484375
3 0.60390625 0.1390625 0.0828125 0.20625
1 0.22265625 0.64609375 0.0453125 0.1328125
1 0.17578125 0.946875 0.0890625 0.103125
2 0.7453125 0.01640625 0.046875 0.0328125
2 0.5453125 0.0421875 0.05 0.084375
1 0.3328125 0.45390625 0.034375 0.0890625
3 0.5453125 0.0421875 0.05 0.084375
1 0.39609375 0.60703125 0.0390625 0.1265625
1 0.3296875 0.74609375 0.0625 0.1765625
2 0.578125 0.01171875 0.028125 0.0234375
0 0.4734375 0.040625 0.028125 0.053125
1 0.4296875 0.36171875 0.028125 0.0828125
2 0.4734375 0.0390625 0.028125 0.05625
