3 0.775 0.7640625 0.2875 0.46875
0 0.815625 0.44375 0.153125 0.240625
3 0.85546875 0.09140625 0.1234375 0.1515625
3 0.440625 0.05703125 0.059375 0.1140625
1 0.225 0.90390625 0.059375 0.1828125
1 0.375 0.5171875 0.040625 0.1125
2 0.6234375 0.07890625 0.071875 0.1515625
1 0.43125 0.29765625 0.025 0.0703125
1 0.39140625 0.29765625 0.0234375 0.0609375
3 0.62421875 0.07890625 0.0734375 0.1515625
1 0.33203125 0.45390625 0.0328125 0.0953125
2 0.76640625 0.02890625 0.0765625 0.0578125
3 0.76640625 0.028125 0.0765625 0.05625
0 0.5359375 0.0203125 0.028125 0.040625
3 0.7171875 0.0109375 0.034375 0.021875
2 0.5734375 0.01171875 0.03125 0.0234375
2 0.53671875 0.0203125 0.0296875 0.040625
2 0.98515625 0.234375 0.0265625 0.0875
