3 0.70546875 0.209375 0.1140625 0.20625
3 0.6234375 0.125 0.059375 0.10625
3 0.57578125 0.17421875 0.0671875 0.1546875
0 0.8390625 0.134375 0.078125 0.103125
1 0.28046875 0.4859375 0.0359375 0.096875
1 0.37734375 0.5640625 0.0421875 0.11875
3 0.6671875 0.44296875 0.165625 0.4078125
0 0.55 0.10234375 0.034375 0.0515625
0 0.57734375 0.0484375 0.0265625 0.04375
0 0.678125 0.503125 0.146875 0.2875
1 0.38125 0.271875 0.01875 0.04375
1 0.4515625 0.25703125 0.01875 0.0578125
3 0.65703125 0.3640625 0.1453125 0.253125
3 0.53046875 0.02265625 0.0265625 0.0453125
2 0.83984375 0.134375 0.0765625 0.103125
3 0.575 0.1984375 0.05625 0.10625
