0 0.8046875 0.9515625 0.184375 0.09375
0 0.678125 0.19375 0.065625 0.1125
2 0.75859375 0.02421875 0.0609375 0.0484375
0 0.634375 0.10859375 0.04375 0.0640625
1 0.3921875 0.72265625 0.05625 0.1578125
1 0.2703125 0.8359375 0.065625 0.19375
1 0.36171875 0.3828125 0.0296875 0.0875
3 0.6140625 0.25078125 0.10625 0.2578125
1 0.26875 0.5921875 0.046875 0.128125
1 0.4421875 0.33984375 0.025 0.0703125
1 0.04140625 0.93671875 0.0828125 0.1234375
3 0.55234375 0.05078125 0.0546875 0.1015625
0 0.621875 0.3 0.09375 0.1625
0 0.55234375 0.0515625 0.0546875 0.103125
