3 0.4234375 0.071875 0.071875 0.13125
0 0.596875 0.26640625 0.078125 0.1421875
3 0.5625 0.10390625 0.05625 0.1109375
2 0.66484375 0.13046875 0.0703125 0.1484375
0 0.5921875 0.02421875 0.03125 0.0484375
0 0.47578125 0.04921875 0.0328125 0.0578125
2 0.828125 0.0703125 0.075 0.121875
0 0.75078125 0.04140625 0.0390625 0.0453125
1 0.44375 0.20546875 0.01875 0.0546875
0 0.7109375 0.015625 0.0375 0.03125
2 0.8890625 0.06953125 0.053125 0.0984375
0 0.53984375 0.025 0.0390625 0.05
3 0.5390625 0.025 0.040625 0.05
0 0.9734375 0.22265625 0.05 0.0890625
