0 0.68828125 0.23671875 0.0734375 0.1109375
2 0.640625 0.0890625 0.06875 0.165625
2 0.86953125 0.05546875 0.1171875 0.1109375
3 0.55546875 0.06953125 0.0609375 0.1390625
1 0.25625 0.82734375 0.05625 0.1734375
0 0.71171875 0.00703125 0.0390625 0.0140625
0 0.76640625 0.06015625 0.0421875 0.0453125
0 0.7671875 0.0203125 0.040625 0.040625
1 0.390625 0.2671875 0.01875 0.04375
2 0.5953125 0.02734375 0.03125 0.0546875
1 0.39453125 0.1484375 0.0140625 0.040625
1 0.30078125 0.94921875 0.0671875 0.0984375
