3 0.603125 0.2375 0.090625 0.23125
1 0.33203125 0.66796875 0.0484375 0.1390625
3 0.6484375 0.12421875 0.071875 0.1390625
1 0.4203125 0.4203125 0.03125 0.090625
3 0.59609375 0.06953125 0.0453125 0.0984375
0 0.86015625 0.15390625 0.0484375 0.1078125
3 0.55859375 0.13671875 0.0421875 0.0859375
1 0.42890625 0.31328125 0.0203125 0.0640625
1 0.35078125 0.3046875 0.0203125 0.065625
1 0.22578125 0.878125 0.0796875 0.20625
0 0.56640625 0.03125 0.0234375 0.028125
3 0.5609375 0.08984375 0.05 0.0546875
3 0.56015625 0.11953125 0.0484375 0.1171875
