3 0.46171875 0.0515625 0.0734375 0.103125
2 0.91015625 0.58828125 0.1765625 0.3265625
2 0.64609375 0.2234375 0.1546875 0.4
1 0.38046875 0.5953125 0.0453125 0.140625
1 0.0921875 0.92578125 0.084375 0.1453125
1 0.2578125 0.73671875 0.046875 0.1703125
1 0.4109375 0.21953125 0.021875 0.0671875
3 0.64609375 0.2234375 0.1546875 0.4
1 0.30078125 0.41171875 0.0390625 0.0859375
1 0.3 0.578125 0.053125 0.146875
2 0.546875 0.03125 0.040625 0.0625
1 0.2109375 0.59296875 0.05 0.1390625
3 0.54609375 0.03125 0.0421875 0.0625
