2 0.79765625 0.03828125 0.1203125 0.0765625
0 0.6859375 0.19296875 0.06875 0.0921875
0 0.625 0.09609375 0.04375 0.0609375
3 0.6125 0.31328125 0.128125 0.3078125
0 0.5609375 0.0921875 0.04375 0.05625
0 0.546875 0.03125 0.03125 0.05
1 0.39453125 0.6609375 0.0390625 0.128125
0 0.56484375 0.0046875 0.0203125 0.009375
1 0.23359375 0.80546875 0.0703125 0.1984375
1 0.3640625 0.265625 0.021875 0.0625
1 0.2796875 0.47421875 0.028125 0.0984375
0 0.7921875 0.07578125 0.05 0.0484375
2 0.975 0.20625 0.046875 0.06875
1 0.40390625 0.453125 0.0265625 0.075
1 0.30546875 0.9328125 0.0671875 0.13125
1 0.1046875 0.91796875 0.06875 0.1609375
