3 0.41328125 0.115625 0.0921875 0.16875
3 0.74375 0.0390625 0.08125 0.078125
1 0.25390625 0.86875 0.0578125 0.178125
0 0.53125 0.0078125 0.028125 0.015625
2 0.5796875 0.02109375 0.040625 0.0421875
1 0.4203125 0.39765625 0.034375 0.0765625
2 0.6109375 0.05546875 0.05625 0.0859375
3 0.57265625 0.128125 0.0640625 0.159375
2 0.57265625 0.128125 0.0640625 0.159375
3 0.8078125 0.0375 0.053125 0.075
1 0.6140625 0.1296875 0.015625 0.040625
0 0.4890625 0.01484375 0.040625 0.0296875
3 0.48828125 0.01484375 0.0390625 0.0296875
1 0.11171875 0.821875 0.0765625 0.20625
