0 0.63984375 0.1109375 0.0484375 0.065625
3 0.57578125 0.16640625 0.0734375 0.1890625
1 0.22734375 0.6171875 0.0453125 0.128125
0 0.60390625 0.05703125 0.0328125 0.0484375
2 0.83125 0.04765625 0.14375 0.0953125
0 0.54921875 0.05078125 0.0328125 0.0453125
1 0.32734375 0.490625 0.0390625 0.1125
1 0.40234375 0.43984375 0.0328125 0.1015625
0 0.859375 0.1265625 0.04375 0.04375
0 0.72890625 0.0375 0.0359375 0.04375
1 0.43984375 0.353125 0.0265625 0.075
0 0.84375 0.10625 0.059375 0.04375
0 0.5421875 0.01640625 0.025 0.0328125
1 0.390625 0.203125 0.015625 0.053125
0 0.54140625 0.0078125 0.0234375 0.015625
