2 0.64921875 0.1046875 0.0640625 0.153125
1 0.334375 0.7015625 0.046875 0.140625
0 0.56328125 0.1265625 0.0515625 0.0875
0 0.75234375 0.753125 0.2015625 0.365625
1 0.2828125 0.55859375 0.04375 0.1140625
2 0.7046875 0.228125 0.075 0.109375
0 0.7046875 0.22734375 0.075 0.1078125
0 0.57890625 0.0203125 0.0234375 0.040625
1 0.4078125 0.38125 0.028125 0.084375
1 0.40234375 0.60234375 0.0421875 0.1328125
0 0.52890625 0.00546875 0.0171875 0.0109375
0 0.55390625 0.04765625 0.0359375 0.0640625
1 0.29765625 0.4265625 0.0328125 0.065625
1 0.3625 0.36015625 0.03125 0.0828125
2 0.73203125 0.6328125 0.2390625 0.60625
3 0.7109375 0.51875 0.196875 0.378125
