3 0.4578125 0.0296875 0.04375 0.059375
0 0.35703125 0.540625 0.1328125 0.325
1 0.1984375 0.77421875 0.059375 0.1609375
1 0.28125 0.5390625 0.0375 0.115625
3 0.53984375 0.01875 0.0359375 0.0375
2 0.878125 0.0578125 0.10625 0.115625
1 0.12421875 0.76640625 0.0546875 0.1578125
2 0.6046875 0.04375 0.05 0.0875
0 0.73203125 0.02890625 0.0390625 0.0390625
2 0.85625 0.0578125 0.0625 0.115625
0 0.5703125 0.00859375 0.021875 0.0171875
1 0.4015625 0.2859375 0.025 0.065625
1 0.42734375 0.19453125 0.0171875 0.0515625
