0 0.66484375 0.52578125 0.1421875 0.2984375
2 0.81328125 0.04296875 0.0859375 0.0859375
0 0.63359375 0.115625 0.0453125 0.078125
1 0.303125 0.71875 0.046875 0.146875
2 0.971875 0.725 0.053125 0.496875
1 0.2015625 0.74296875 0.053125 0.1578125
1 0.33046875 0.39296875 0.0265625 0.0859375
1 0.3703125 0.79140625 0.05 0.1578125
3 0.54453125 0.03359375 0.0453125 0.0671875
1 0.21796875 0.5734375 0.0390625 0.090625
1 0.40546875 0.27109375 0.0234375 0.0640625
1 0.359375 0.484375 0.040625 0.109375
1 0.43203125 0.44140625 0.0359375 0.0984375
1 0.26953125 0.9515625 0.0609375 0.09375
2 0.5890625 0.18359375 0.065625 0.1171875
3 0.5859375 0.1546875 0.071875 0.171875
