0 0.896875 0.5953125 0.20625 0.340625
3 0.84296875 0.084375 0.1140625 0.146875
1 0.3 0.55546875 0.040625 0.1140625
3 0.63203125 0.09375 0.0796875 0.165625
0 0.840625 0.9390625 0.253125 0.11875
3 0.43671875 0.0609375 0.0609375 0.11875
1 0.33984375 0.66796875 0.0484375 0.1390625
2 0.75859375 0.02578125 0.0765625 0.0515625
1 0.41953125 0.3578125 0.0296875 0.08125
2 0.63203125 0.09375 0.0796875 0.165625
1 0.3765625 0.34765625 0.028125 0.0734375
0 0.57421875 0.01328125 0.0328125 0.0265625
2 0.709375 0.009375 0.028125 0.01875
2 0.575 0.01328125 0.03125 0.0265625
2 0.5390625 0.0234375 0.03125 0.046875
0 0.5390625 0.0234375 0.03125 0.046875
