3 0.60703125 0.28203125 0.1046875 0.2640625
3 0.73359375 0.25625 0.1265625 0.259375
0 0.64140625 0.12265625 0.0515625 0.0796875
0 0.57109375 0.13671875 0.0578125 0.1109375
2 0.8265625 0.0484375 0.10625 0.096875
1 0.40390625 0.4140625 0.0359375 0.09375
3 0.45546875 0.03203125 0.0421875 0.0640625
1 0.4140625 0.23046875 0.021875 0.0515625
3 0.58515625 0.0328125 0.0421875 0.065625
1 0.35390625 0.4109375 0.0296875 0.096875
0 0.5234375 0.00546875 0.025 0.0109375
2 0.58515625 0.0328125 0.0421875 0.065625
1 0.359375 0.2453125 0.025 0.059375
1 0.43203125 0.1609375 0.0171875 0.04375
2 0.75234375 0.02265625 0.0578125 0.0453125
