3 0.6109375 0.2421875 0.11875 0.3
0 0.7546875 0.29921875 0.115625 0.1765625
1 0.390625 0.434375 0.034375 0.103125
0 0.63671875 0.10390625 0.0484375 0.0796875
1 0.29453125 0.5296875 0.0359375 0.1125
1 0.11953125 0.853125 0.0609375 0.175
2 0.93984375 0.65703125 0.1171875 0.6828125
0 0.5453125 0.0359375 0.03125 0.05
1 0.4125 0.19453125 0.021875 0.0546875
3 0.59296875 0.0328125 0.0328125 0.065625
2 0.59296875 0.0328125 0.0328125 0.065625
3 0.940625 0.65546875 0.115625 0.6828125
1 0.41015625 0.31953125 0.0265625 0.0703125
