3 0.71796875 0.2078125 0.1265625 0.253125
0 0.61171875 0.171875 0.0609375 0.10625
2 0.5984375 0.03671875 0.0625 0.0734375
0 0.4765625 0.015625 0.034375 0.03125
1 0.3328125 0.45625 0.034375 0.1
1 0.42109375 0.27890625 0.0203125 0.0640625
1 0.31953125 0.7015625 0.0390625 0.146875
0 0.79296875 0.01328125 0.0421875 0.0265625
2 0.54609375 0.05234375 0.0515625 0.0984375
2 0.88046875 0.09765625 0.0921875 0.1296875
3 0.54609375 0.05234375 0.0515625 0.0984375
2 0.7203125 0.028125 0.078125 0.05625
1 0.32265625 0.69453125 0.0515625 0.1609375
