3 0.63828125 0.09453125 0.0921875 0.1890625
0 0.7625 0.0578125 0.046875 0.04375
0 0.85703125 0.12734375 0.0484375 0.0671875
0 0.5796875 0.0140625 0.034375 0.028125
3 0.53515625 0.015625 0.0328125 0.03125
2 0.928125 0.64609375 0.140625 0.7015625
0 0.9765625 0.22109375 0.04375 0.0640625
0 0.384375 0.19453125 0.021875 0.0703125
3 0.72265625 0.01171875 0.0640625 0.0234375
3 0.8453125 0.0625 0.1125 0.084375
0 0.72265625 0.01171875 0.0640625 0.0234375
3 0.928125 0.64609375 0.140625 0.7015625
0 0.815625 0.01171875 0.034375 0.0234375
