3 0.60546875 0.06015625 0.0671875 0.1203125
2 0.8015625 0.3078125 0.234375 0.446875
3 0.74140625 0.0171875 0.0703125 0.034375
3 0.53359375 0.00859375 0.0296875 0.0171875
3 0.8015625 0.30703125 0.234375 0.4453125
1 0.2984375 0.534375 0.04375 0.121875
2 0.74140625 0.0171875 0.0703125 0.034375
0 0.56640625 0.00625 0.0171875 0.0125
0 0.79609375 0.07578125 0.0515625 0.0390625
2 0.96640625 0.19609375 0.0421875 0.0578125
0 0.53359375 0.00859375 0.0296875 0.0171875
0 0.79609375 0.084375 0.0515625 0.05625
