0 0.70859375 0.68125 0.1859375 0.409375
2 0.79140625 0.0359375 0.0765625 0.071875
0 0.64609375 0.13671875 0.0484375 0.0859375
1 0.2578125 0.8828125 0.053125 0.175
1 0.14765625 0.88828125 0.0796875 0.1890625
1 0.315625 0.44375 0.03125 0.096875
1 0.33984375 0.95078125 0.0578125 0.0953125
0 0.59609375 0.21484375 0.0765625 0.1296875
1 0.4234375 0.5125 0.040625 0.11875
1 0.3921875 0.30234375 0.025 0.0703125
1 0.1703125 0.67265625 0.046875 0.1171875
1 0.33984375 0.5671875 0.0453125 0.121875
1 0.4546875 0.25703125 0.021875 0.0578125
3 0.54765625 0.03828125 0.0484375 0.0765625
1 0.36796875 0.69609375 0.0484375 0.1515625
