2 0.7578125 0.2359375 0.1375 0.29375
3 0.5578125 0.07890625 0.071875 0.1578125
0 0.63359375 0.07421875 0.0515625 0.0828125
1 0.3546875 0.25078125 0.01875 0.0671875
1 0.3890625 0.21484375 0.028125 0.0609375
2 0.75625 0.0109375 0.0375 0.021875
1 0.26171875 0.51875 0.0390625 0.1125
1 0.421875 0.24296875 0.021875 0.0671875
1 0.3984375 0.4859375 0.040625 0.109375
0 0.8421875 0.07109375 0.071875 0.0765625
0 0.59765625 0.01484375 0.0265625 0.0296875
0 0.78828125 0.0078125 0.0296875 0.015625
3 0.5984375 0.01484375 0.028125 0.0296875
0 0.85546875 0.0765625 0.0453125 0.065625
