2 0.8421875 0.05078125 0.121875 0.1015625
3 0.840625 0.35546875 0.315625 0.4859375
0 0.56953125 0.1625 0.0578125 0.103125
1 0.321875 0.6453125 0.05 0.1375
1 0.3671875 0.8109375 0.053125 0.16875
1 0.13515625 0.87265625 0.0703125 0.1921875
1 0.41796875 0.2921875 0.0234375 0.06875
2 0.653125 0.11328125 0.109375 0.2265625
1 0.35078125 0.42109375 0.0359375 0.0921875
3 0.65234375 0.11328125 0.1078125 0.2265625
2 0.8890625 0.65703125 0.21875 0.6796875
1 0.4171875 0.43984375 0.034375 0.0984375
1 0.37890625 0.2640625 0.0234375 0.0625
