3 0.77734375 0.3015625 0.1640625 0.3
3 0.6515625 0.15625 0.065625 0.13125
3 0.59375 0.2546875 0.075 0.134375
0 0.5578125 0.1140625 0.040625 0.059375
1 0.18984375 0.7234375 0.0546875 0.146875
3 0.59140625 0.1703125 0.0828125 0.121875
3 0.8140625 0.85 0.228125 0.296875
2 0.53203125 0.025 0.0296875 0.0375
0 0.58671875 0.05078125 0.0296875 0.0484375
3 0.76640625 0.6953125 0.2828125 0.603125
3 0.815625 0.10625 0.06875 0.09375
1 0.34765625 0.35625 0.0234375 0.06875
2 0.5859375 0.05078125 0.03125 0.0484375
