3 0.40234375 0.13671875 0.0859375 0.1765625
0 0.63359375 0.11796875 0.0484375 0.0640625
3 0.471875 0.06328125 0.046875 0.1046875
1 0.26484375 0.6125 0.0421875 0.125
1 0.328125 0.88125 0.071875 0.196875
1 0.375 0.3515625 0.025 0.078125
3 0.6984375 0.2109375 0.09375 0.184375
2 0.6984375 0.2109375 0.09375 0.184375
1 0.39921875 0.4859375 0.0390625 0.109375
1 0.41171875 0.290625 0.0234375 0.0625
2 0.86796875 0.7328125 0.2609375 0.528125
3 0.56484375 0.10625 0.0796875 0.2125
0 0.5671875 0.14453125 0.075 0.1359375
