3 0.77109375 0.5328125 0.4546875 0.928125
3 0.83203125 0.27578125 0.2890625 0.3921875
3 0.40390625 0.3265625 0.0890625 0.19375
1 0.26875 0.60390625 0.04375 0.1265625
0 0.46484375 0.0203125 0.0359375 0.040625
0 0.77734375 0.0625 0.0515625 0.053125
2 0.590625 0.028125 0.040625 0.05625
1 0.265625 0.44375 0.034375 0.09375
1 0.32109375 0.4171875 0.0296875 0.0875
0 0.5359375 0.0109375 0.03125 0.021875
1 0.32109375 0.42890625 0.0234375 0.0640625
1 0.4671875 0.2078125 0.01875 0.05625
1 0.39140625 0.22109375 0.0234375 0.0421875
