3 0.6734375 0.15625 0.109375 0.225
3 0.8125 0.065625 0.096875 0.13125
3 0.4265625 0.07734375 0.065625 0.1296875
1 0.34609375 0.7578125 0.0515625 0.159375
1 0.29609375 0.6265625 0.0453125 0.128125
3 0.73984375 0.0203125 0.0640625 0.040625
1 0.371875 0.296875 0.028125 0.06875
3 0.54609375 0.03515625 0.0390625 0.0703125
2 0.5828125 0.01953125 0.0375 0.0390625
2 0.73984375 0.0203125 0.0640625 0.040625
3 0.58203125 0.01953125 0.0390625 0.0390625
1 0.37578125 0.4609375 0.0359375 0.10625
1 0.4375 0.253125 0.01875 0.046875
1 0.4015625 0.30859375 0.025 0.0671875
