3 0.74296875 0.58515625 0.2328125 0.5234375
2 0.61796875 0.04375 0.0484375 0.0875
1 0.3328125 0.36640625 0.03125 0.0890625
1 0.38125 0.35078125 0.03125 0.0859375
1 0.43828125 0.3875 0.0328125 0.096875
0 0.58203125 0.0078125 0.0265625 0.015625
2 0.8453125 0.0265625 0.0625 0.053125
2 0.8640625 0.059375 0.053125 0.090625
2 0.8640625 0.0265625 0.1 0.053125
0 0.86328125 0.059375 0.0515625 0.090625
0 0.53515625 0.01171875 0.0390625 0.0234375
2 0.7390625 0.01328125 0.05 0.0265625
1 0.25 0.57734375 0.05 0.1359375
1 0.3859375 0.15859375 0.01875 0.0515625
