0 0.8015625 0.9171875 0.215625 0.1625
3 0.77890625 0.02734375 0.0640625 0.0546875
2 0.5875 0.02734375 0.0375 0.0546875
0 0.86171875 0.065625 0.0578125 0.071875
0 0.59765625 0.06484375 0.0328125 0.0515625
1 0.2765625 0.690625 0.05 0.140625
2 0.67578125 0.1859375 0.0765625 0.125
2 0.53828125 0.021875 0.0359375 0.04375
1 0.3546875 0.3859375 0.025 0.078125
1 0.3859375 0.56171875 0.04375 0.1234375
1 0.421875 0.46640625 0.025 0.0703125
1 0.42890625 0.178125 0.0171875 0.046875
1 0.42421875 0.45703125 0.0296875 0.0890625
1 0.4671875 0.16796875 0.015625 0.0453125
