0 0.57734375 0.17890625 0.0578125 0.0828125
0 0.6125 0.08515625 0.040625 0.0671875
1 0.31796875 0.68359375 0.0484375 0.1453125
1 0.33671875 0.46640625 0.0328125 0.0984375
2 0.68203125 0.49296875 0.1859375 0.4703125
1 0.18359375 0.79765625 0.0640625 0.1765625
3 0.76484375 0.32890625 0.1421875 0.2609375
2 0.765625 0.32890625 0.14375 0.2609375
3 0.5375 0.0296875 0.0375 0.059375
0 0.7703125 0.07265625 0.065625 0.0796875
2 0.7703125 0.0734375 0.065625 0.078125
0 0.56171875 0.00859375 0.0203125 0.0171875
