3 0.86171875 0.51015625 0.2734375 0.6390625
3 0.7703125 0.04765625 0.084375 0.0953125
3 0.41484375 0.10546875 0.0796875 0.1546875
1 0.35625 0.59453125 0.04375 0.1328125
2 0.5890625 0.03515625 0.0625 0.0703125
1 0.22109375 0.89609375 0.0640625 0.1796875
1 0.25390625 0.62734375 0.0453125 0.1328125
1 0.36015625 0.44296875 0.0328125 0.0765625
1 0.45234375 0.2484375 0.0265625 0.04375
3 0.5609375 0.0765625 0.053125 0.11875
0 0.52890625 0.003125 0.0265625 0.00625
0 0.490625 0.01015625 0.0375 0.0203125
3 0.7109375 0.01171875 0.046875 0.0234375
1 0.27265625 0.44296875 0.0359375 0.0859375
