0 0.63671875 0.2671875 0.0796875 0.159375
2 0.6125 0.05078125 0.071875 0.1015625
1 0.23671875 0.76484375 0.0640625 0.1828125
2 0.8453125 0.07578125 0.090625 0.1421875
1 0.3921875 0.41953125 0.034375 0.0984375
3 0.54921875 0.0609375 0.0578125 0.121875
0 0.471875 0.021875 0.034375 0.04375
2 0.80546875 0.33984375 0.2015625 0.3796875
3 0.80625 0.33828125 0.203125 0.3796875
2 0.54921875 0.06171875 0.0578125 0.1234375
2 0.71171875 0.02265625 0.0578125 0.0453125
0 0.80546875 0.33828125 0.2015625 0.3796875
