1 0.40234375 0.73515625 0.0484375 0.1515625
1 0.37734375 0.36875 0.0265625 0.08125
3 0.88203125 0.55234375 0.2328125 0.5328125
1 0.4015625 0.51875 0.040625 0.096875
1 0.1859375 0.73984375 0.046875 0.1578125
1 0.35859375 0.50546875 0.0390625 0.1171875
0 0.5328125 0.0140625 0.03125 0.028125
2 0.58984375 0.0234375 0.0359375 0.046875
1 0.36484375 0.26328125 0.0203125 0.0421875
1 0.31640625 0.90234375 0.0609375 0.1921875
1 0.32421875 0.4796875 0.0359375 0.10625
2 0.88203125 0.5515625 0.2328125 0.53125
0 0.56640625 0.0125 0.0140625 0.025
