0 0.6015625 0.3140625 0.0875 0.165625
0 0.74921875 0.3078125 0.1015625 0.1375
0 0.57421875 0.1359375 0.0515625 0.075
2 0.775 0.03125 0.103125 0.0625
0 0.6484375 0.1375 0.053125 0.075
1 0.171875 0.85703125 0.05625 0.1734375
0 0.5515625 0.05234375 0.034375 0.0578125
1 0.428125 0.54140625 0.034375 0.1109375
1 0.359375 0.7375 0.05 0.15625
0 0.5703125 0.009375 0.025 0.01875
1 0.33828125 0.33359375 0.0234375 0.0703125
2 0.7015625 0.59765625 0.228125 0.5859375
1 0.221875 0.62578125 0.040625 0.1328125
1 0.35625 0.528125 0.034375 0.090625
0 0.71484375 0.7171875 0.1984375 0.34375
3 0.70078125 0.59765625 0.2265625 0.5859375
