3 0.7296875 0.25625 0.125 0.253125
1 0.30625 0.77109375 0.046875 0.1578125
1 0.43046875 0.48828125 0.0296875 0.0984375
0 0.53203125 0.01015625 0.0296875 0.0203125
1 0.3921875 0.76015625 0.05 0.1578125
0 0.5828125 0.015625 0.03125 0.03125
1 0.37421875 0.57734375 0.0421875 0.1265625
1 0.275 0.51484375 0.0375 0.1109375
0 0.5625 0.00703125 0.0125 0.0140625
1 0.140625 0.92734375 0.075 0.1421875
1 0.33984375 0.5234375 0.0265625 0.071875
1 0.3171875 0.409375 0.03125 0.090625
1 0.39296875 0.365625 0.0265625 0.0875
1 0.38984375 0.20078125 0.0203125 0.0453125
