0 0.93828125 0.79765625 0.1203125 0.3984375
3 0.83203125 0.078125 0.1078125 0.140625
3 0.434375 0.0671875 0.0625 0.11875
3 0.64453125 0.11171875 0.0859375 0.1796875
2 0.7515625 0.0234375 0.071875 0.046875
1 0.25234375 0.703125 0.0515625 0.146875
1 0.3578125 0.41484375 0.03125 0.0828125
1 0.390625 0.23359375 0.021875 0.0609375
0 0.5765625 0.015625 0.034375 0.03125
2 0.57734375 0.015625 0.0359375 0.03125
1 0.4234375 0.234375 0.01875 0.05625
1 0.40546875 0.45234375 0.0265625 0.0765625
2 0.540625 0.02734375 0.034375 0.0546875
