0 0.25390625 0.9375 0.1859375 0.121875
3 0.46640625 0.0390625 0.0640625 0.078125
2 0.81484375 0.365625 0.1515625 0.20625
3 0.61484375 0.13203125 0.1046875 0.2640625
1 0.159375 0.89765625 0.06875 0.1984375
1 0.23359375 0.60078125 0.0578125 0.1515625
1 0.4015625 0.39296875 0.03125 0.0984375
0 0.54375 0.0203125 0.0375 0.040625
1 0.31484375 0.63046875 0.0515625 0.1546875
2 0.80859375 0.04296875 0.1046875 0.0859375
1 0.28828125 0.39765625 0.0328125 0.0984375
1 0.34765625 0.4015625 0.0390625 0.10625
1 0.42890625 0.15703125 0.0171875 0.0609375
