0 0.6296875 0.09375 0.04375 0.059375
3 0.82265625 0.80234375 0.3515625 0.3921875
3 0.5703125 0.14140625 0.065625 0.1640625
0 0.59921875 0.046875 0.0328125 0.046875
1 0.34375 0.43203125 0.0375 0.1015625
1 0.2625 0.53984375 0.046875 0.1203125
0 0.54765625 0.040625 0.0296875 0.040625
2 0.8453125 0.0546875 0.159375 0.109375
1 0.4453125 0.1859375 0.028125 0.053125
1 0.36640625 0.77265625 0.0640625 0.1828125
0 0.73828125 0.04375 0.0390625 0.04375
0 0.53984375 0.01328125 0.0234375 0.0265625
1 0.396875 0.1859375 0.015625 0.05
3 0.7859375 0.578125 0.425 0.8375
1 0.47265625 0.1625 0.0140625 0.040625
1 0.4171875 0.3609375 0.025 0.08125
1 0.1921875 0.946875 0.06875 0.103125
0 0.9625 0.62265625 0.071875 0.2296875
1 0.0671875 0.95625 0.053125 0.084375
