3 0.45 0.04296875 0.053125 0.0859375
3 0.54375 0.03359375 0.046875 0.0671875
2 0.6359375 0.0765625 0.075 0.153125
1 0.234375 0.878125 0.075 0.196875
2 0.8 0.03515625 0.065625 0.0703125
1 0.26171875 0.59765625 0.0703125 0.1390625
1 0.41875 0.43203125 0.0375 0.1046875
0 0.69140625 0.01171875 0.0265625 0.0234375
1 0.334375 0.35078125 0.025 0.0703125
3 0.584375 0.01953125 0.0375 0.0390625
1 0.3546875 0.5484375 0.034375 0.109375
1 0.3921875 0.334375 0.025 0.075
2 0.584375 0.01953125 0.0375 0.0390625
