3 0.58828125 0.18046875 0.1265625 0.3609375
3 0.6421875 0.08046875 0.078125 0.1609375
1 0.38125 0.71640625 0.05 0.1515625
3 0.4484375 0.153125 0.05 0.10625
1 0.35625 0.52734375 0.040625 0.1171875
1 0.31015625 0.4515625 0.0328125 0.1
1 0.43125 0.540625 0.040625 0.11875
0 0.4765625 0.00390625 0.025 0.0078125
1 0.1578125 0.9859375 0.0625 0.025
1 0.29765625 0.7859375 0.0578125 0.11875
0 0.97265625 0.21484375 0.0515625 0.0890625
1 0.37421875 0.2671875 0.0234375 0.065625
1 0.2125 0.5640625 0.04375 0.125
1 0.40703125 0.16796875 0.0171875 0.0515625
