0 0.7109375 0.22734375 0.075 0.1078125
0 0.6265625 0.0921875 0.040625 0.059375
2 0.59765625 0.040625 0.0390625 0.08125
3 0.59296875 0.1875 0.0765625 0.184375
0 0.546875 0.0640625 0.034375 0.053125
1 0.2734375 0.53125 0.0375 0.115625
1 0.4171875 0.46015625 0.034375 0.1015625
1 0.2328125 0.5125 0.034375 0.10625
2 0.721875 0.02734375 0.059375 0.0546875
1 0.334375 0.6328125 0.046875 0.13125
1 0.2234375 0.821875 0.059375 0.178125
1 0.365625 0.82421875 0.0625 0.1921875
0 0.5609375 0.00546875 0.015625 0.0109375
1 0.0875 0.82734375 0.059375 0.1734375
3 0.03515625 0.53984375 0.0703125 0.5171875
0 0.5421875 0.0171875 0.028125 0.034375
