3 0.5625 0.1 0.078125 0.2
3 0.6109375 0.0421875 0.046875 0.084375
1 0.2359375 0.6890625 0.046875 0.146875
1 0.3875 0.57890625 0.04375 0.1234375
1 0.33515625 0.496875 0.0359375 0.1125
1 0.38359375 0.40234375 0.0328125 0.0859375
1 0.3015625 0.73984375 0.053125 0.1609375
1 0.3296875 0.321875 0.025 0.071875
1 0.41640625 0.44609375 0.0265625 0.0703125
1 0.4078125 0.30703125 0.025 0.0703125
3 0.4609375 0.0953125 0.0375 0.08125
1 0.41953125 0.4375 0.0328125 0.090625
1 0.43125 0.25703125 0.01875 0.0484375
1 0.40390625 0.17109375 0.0203125 0.0484375
