3 0.42890625 0.0609375 0.0609375 0.121875
2 0.78359375 0.03125 0.0890625 0.0625
3 0.55546875 0.071875 0.0453125 0.090625
0 0.57890625 0.1890625 0.0578125 0.103125
0 0.58203125 0.01484375 0.0265625 0.0296875
0 0.478125 0.03828125 0.028125 0.0515625
0 0.775 0.0578125 0.046875 0.046875
0 0.5359375 0.0171875 0.0375 0.034375
2 0.6359375 0.084375 0.053125 0.11875
0 0.72578125 0.0234375 0.0328125 0.034375
2 0.62890625 0.075 0.0703125 0.1375
1 0.4640625 0.14453125 0.015625 0.0421875
2 0.87734375 0.0921875 0.1078125 0.134375
