3 0.4453125 0.05546875 0.071875 0.1109375
3 0.54921875 0.04921875 0.0546875 0.0984375
2 0.67890625 0.1359375 0.1015625 0.2125
2 0.7625 0.021875 0.05625 0.04375
1 0.36328125 0.8125 0.0609375 0.190625
1 0.275 0.43515625 0.03125 0.0734375
1 0.340625 0.5484375 0.0375 0.121875
1 0.25 0.5453125 0.040625 0.11875
2 0.87109375 0.071875 0.0796875 0.103125
1 0.4109375 0.5125 0.0375 0.109375
3 0.5953125 0.03203125 0.046875 0.0640625
1 0.4453125 0.34140625 0.028125 0.0828125
2 0.59609375 0.03203125 0.0453125 0.0640625
1 0.38828125 0.38125 0.0234375 0.075
