0 0.84375 0.4578125 0.146875 0.21875
2 0.61640625 0.0625 0.0515625 0.11875
0 0.65546875 0.14140625 0.0515625 0.0765625
1 0.053125 0.9109375 0.075 0.175
1 0.16328125 0.83203125 0.0609375 0.1734375
1 0.375 0.7703125 0.05625 0.1625
3 0.6296875 0.30703125 0.115625 0.2796875
0 0.55390625 0.09609375 0.0390625 0.0578125
1 0.29453125 0.59765625 0.0453125 0.1265625
0 0.54765625 0.02734375 0.0328125 0.0546875
0 0.56796875 0.0125 0.0234375 0.025
1 0.3890625 0.4359375 0.028125 0.090625
1 0.41484375 0.53515625 0.0453125 0.1328125
