3 0.41328125 0.2875 0.1140625 0.275
0 0.58046875 0.1609375 0.0546875 0.075
3 0.65703125 0.4015625 0.1484375 0.40625
3 0.4640625 0.1015625 0.046875 0.121875
1 0.33984375 0.49140625 0.0328125 0.1078125
3 0.859375 0.0328125 0.084375 0.065625
2 0.8671875 0.54453125 0.2625 0.9015625
3 0.8671875 0.5453125 0.2625 0.9
3 0.5453125 0.04609375 0.05 0.0921875
2 0.609375 0.04375 0.04375 0.0875
2 0.5453125 0.04609375 0.05 0.0921875
0 0.15390625 0.8953125 0.3078125 0.20625
1 0.2625 0.56875 0.04375 0.134375
1 0.3328125 0.3359375 0.025 0.075
