3 0.63671875 0.06796875 0.0578125 0.1359375
3 0.45234375 0.13515625 0.0453125 0.1015625
1 0.23046875 0.853125 0.0578125 0.19375
1 0.4015625 0.578125 0.04375 0.128125
3 0.58046875 0.15390625 0.1078125 0.3046875
1 0.2515625 0.47890625 0.034375 0.1078125
1 0.3734375 0.45234375 0.034375 0.1015625
1 0.38359375 0.2390625 0.0234375 0.059375
1 0.3296875 0.6421875 0.04375 0.10625
1 0.44296875 0.44765625 0.0359375 0.1015625
1 0.33125 0.390625 0.03125 0.0875
1 0.3453125 0.80625 0.053125 0.171875
1 0.40546875 0.39375 0.0265625 0.0875
