3 0.78828125 0.03828125 0.1109375 0.0765625
1 0.28515625 0.5390625 0.0421875 0.121875
1 0.4203125 0.31953125 0.028125 0.0828125
1 0.36796875 0.42578125 0.0359375 0.1046875
1 0.4203125 0.165625 0.01875 0.05
1 0.46640625 0.1359375 0.0171875 0.04375
3 0.58984375 0.12421875 0.0703125 0.1515625
0 0.5921875 0.01640625 0.034375 0.0328125
1 0.390625 0.16328125 0.01875 0.0515625
2 0.5921875 0.01640625 0.034375 0.0328125
2 0.58984375 0.12421875 0.0703125 0.1515625
2 0.88515625 0.0359375 0.0890625 0.071875
