3 0.4046875 0.13046875 0.084375 0.1734375
2 0.85078125 0.6625 0.2953125 0.671875
0 0.62421875 0.1015625 0.0453125 0.059375
3 0.4734375 0.06171875 0.046875 0.1046875
1 0.371875 0.66640625 0.053125 0.1421875
1 0.39140625 0.31328125 0.0234375 0.0703125
1 0.30234375 0.51640625 0.0359375 0.1109375
1 0.41796875 0.4109375 0.0328125 0.09375
2 0.678125 0.1734375 0.078125 0.159375
3 0.5609375 0.09375 0.071875 0.184375
2 0.81015625 0.0375 0.0546875 0.06875
3 0.678125 0.1734375 0.078125 0.159375
1 0.42421875 0.26171875 0.0234375 0.0578125
