2 0.7140625 0.16171875 0.10625 0.2296875
0 0.58828125 0.203125 0.0734375 0.1375
2 0.7984375 0.0203125 0.071875 0.040625
0 0.61484375 0.046875 0.0421875 0.0625
1 0.33984375 0.57265625 0.0453125 0.1328125
2 0.5984375 0.021875 0.04375 0.04375
1 0.42890625 0.38359375 0.0265625 0.0578125
0 0.546875 0.028125 0.034375 0.05625
1 0.37109375 0.3984375 0.0328125 0.1
1 0.3296875 0.86171875 0.05625 0.1828125
0 0.546875 0.015625 0.03125 0.03125
0 0.546875 0.04140625 0.03125 0.0296875
1 0.4015625 0.5421875 0.03125 0.065625
