3 0.6421875 0.1 0.096875 0.2
2 0.83828125 0.58515625 0.3203125 0.8234375
2 0.85390625 0.05546875 0.1359375 0.1109375
3 0.7609375 0.2296875 0.2125 0.303125
0 0.56328125 0.13671875 0.0546875 0.0921875
1 0.39921875 0.5890625 0.0421875 0.128125
1 0.3515625 0.515625 0.0375 0.1125
1 0.2609375 0.775 0.046875 0.1625
1 0.33046875 0.8359375 0.0609375 0.184375
1 0.19921875 0.68671875 0.0484375 0.1453125
1 0.39140625 0.2296875 0.0203125 0.05625
1 0.428125 0.24609375 0.021875 0.0546875
1 0.43046875 0.3671875 0.0296875 0.0875
1 0.37578125 0.35078125 0.0328125 0.0796875
0 0.80078125 0.0765625 0.0515625 0.05
1 0.45625 0.22421875 0.021875 0.0515625
