2 0.640625 0.08203125 0.096875 0.1640625
3 0.46640625 0.034375 0.0421875 0.06875
1 0.34140625 0.40859375 0.0359375 0.1046875
3 0.959375 0.7203125 0.078125 0.55
1 0.26171875 0.97109375 0.0859375 0.0546875
0 0.97265625 0.2046875 0.0515625 0.071875
1 0.4453125 0.27421875 0.025 0.0609375
0 0.58125 0.0140625 0.028125 0.028125
3 0.55625 0.08203125 0.06875 0.1640625
2 0.9109375 0.05546875 0.175 0.1109375
3 0.7703125 0.73828125 0.209375 0.4484375
0 0.76953125 0.73828125 0.2109375 0.4484375
1 0.43671875 0.09921875 0.0140625 0.0390625
