3 0.66484375 0.51015625 0.1796875 0.4671875
3 0.84375 0.425 0.215625 0.415625
2 0.809375 0.0421875 0.096875 0.084375
1 0.34921875 0.68125 0.0484375 0.14375
3 0.45078125 0.0375 0.0453125 0.075
0 0.66640625 0.1671875 0.0609375 0.096875
1 0.29921875 0.490625 0.0359375 0.09375
1 0.27578125 0.68125 0.0484375 0.14375
1 0.39375 0.30859375 0.025 0.0640625
0 0.52734375 0.00859375 0.0265625 0.0171875
2 0.59375 0.04140625 0.05 0.0828125
0 0.58828125 0.2 0.0734375 0.146875
2 0.73515625 0.01953125 0.0640625 0.0390625
1 0.41484375 0.20703125 0.0203125 0.0484375
2 0.58828125 0.2 0.0734375 0.146875
0 0.5609375 0.00390625 0.015625 0.0078125
1 0.32421875 0.340625 0.0296875 0.078125
