0 0.7375 0.88359375 0.20625 0.2296875
0 0.7234375 0.25625 0.065625 0.13125
3 0.628125 0.25625 0.1625 0.409375
1 0.41640625 0.596875 0.0453125 0.13125
0 0.97421875 0.209375 0.0484375 0.06875
0 0.584375 0.0234375 0.028125 0.040625
1 0.378125 0.82734375 0.059375 0.1671875
1 0.3328125 0.3796875 0.034375 0.09375
0 0.540625 0.009375 0.028125 0.01875
1 0.23203125 0.62734375 0.0390625 0.1296875
0 0.60703125 0.0453125 0.0296875 0.03125
2 0.55390625 0.08125 0.0453125 0.11875
3 0.55390625 0.08125 0.0453125 0.11875
1 0.37578125 0.31484375 0.0296875 0.0828125
1 0.42890625 0.40390625 0.0359375 0.1015625
2 0.8640625 0.0546875 0.1375 0.109375
