2 0.8609375 0.06171875 0.146875 0.1234375
0 0.7671875 0.32421875 0.075 0.1609375
1 0.4046875 0.73046875 0.05 0.1578125
1 0.26875 0.7203125 0.04375 0.146875
0 0.58828125 0.03046875 0.0296875 0.0421875
3 0.55859375 0.09453125 0.0484375 0.1328125
1 0.19921875 0.71796875 0.0484375 0.1484375
3 0.6515625 0.3328125 0.2 0.5125
0 0.6125 0.0609375 0.034375 0.04375
1 0.3171875 0.42265625 0.034375 0.0984375
0 0.703125 0.01796875 0.025 0.0359375
1 0.3578125 0.9703125 0.05625 0.05625
2 0.65078125 0.3328125 0.1984375 0.5125
2 0.5578125 0.09296875 0.05 0.1328125
0 0.5421875 0.0234375 0.028125 0.0375
1 0.43984375 0.24453125 0.0203125 0.0578125
