1 0.38984375 0.72734375 0.0578125 0.1734375
2 0.74453125 0.01953125 0.0734375 0.0390625
2 0.86015625 0.55390625 0.2765625 0.8890625
1 0.28984375 0.7828125 0.0484375 0.159375
0 0.828125 0.06875 0.05625 0.05625
1 0.384375 0.45234375 0.034375 0.0984375
1 0.44453125 0.4234375 0.0328125 0.09375
1 0.27109375 0.584375 0.0421875 0.128125
0 0.48203125 0.03671875 0.0296875 0.0578125
1 0.3546875 0.38203125 0.03125 0.0765625
2 0.578125 0.01640625 0.04375 0.0328125
3 0.578125 0.01640625 0.04375 0.0328125
2 0.48203125 0.03671875 0.0296875 0.0578125
