0 0.6203125 0.39375 0.10625 0.20625
0 0.79609375 0.3953125 0.1359375 0.18125
0 0.5828125 0.16171875 0.059375 0.0828125
0 0.6625 0.1609375 0.059375 0.084375
2 0.76640625 0.02734375 0.0984375 0.0546875
0 0.5546875 0.0640625 0.0375 0.0625
1 0.41015625 0.70625 0.0484375 0.146875
1 0.32265625 0.3671875 0.0296875 0.08125
3 0.7671875 0.721875 0.3 0.553125
1 0.32578125 0.6703125 0.0453125 0.1375
0 0.57265625 0.0125 0.0265625 0.025
1 0.184375 0.7328125 0.040625 0.15
0 0.8546875 0.11796875 0.05625 0.0828125
0 0.74921875 0.046875 0.0359375 0.04375
1 0.3171875 0.94453125 0.059375 0.1078125
