2 0.70703125 0.18203125 0.1828125 0.3640625
3 0.42734375 0.32578125 0.0828125 0.2015625
1 0.31640625 0.4453125 0.0328125 0.103125
1 0.16796875 0.75234375 0.0453125 0.1546875
1 0.27578125 0.6 0.0421875 0.13125
2 0.77421875 0.03828125 0.1546875 0.0765625
2 0.58671875 0.04375 0.0453125 0.078125
1 0.3546875 0.321875 0.025 0.078125
2 0.5390625 0.0171875 0.034375 0.034375
1 0.2375 0.55390625 0.0375 0.1140625
1 0.2375 0.5671875 0.034375 0.0875
0 0.58671875 0.04375 0.0453125 0.078125
1 0.45234375 0.20625 0.0203125 0.040625
