0 0.64140625 0.53828125 0.1265625 0.2453125
0 0.6703125 0.17265625 0.05625 0.0953125
3 0.59296875 0.16171875 0.1171875 0.2921875
2 0.87734375 0.05703125 0.1171875 0.1140625
3 0.97578125 0.55859375 0.0453125 0.5578125
1 0.2515625 0.7125 0.05625 0.171875
0 0.8125 0.0953125 0.05625 0.059375
1 0.4296875 0.41875 0.03125 0.09375
1 0.2765625 0.5046875 0.025 0.0875
1 0.33515625 0.49453125 0.0296875 0.0984375
1 0.3859375 0.45390625 0.0375 0.0671875
0 0.7265625 0.03359375 0.03125 0.0390625
1 0.3640625 0.31640625 0.03125 0.0765625
1 0.40234375 0.7234375 0.0484375 0.153125
1 0.390625 0.26640625 0.021875 0.0703125
1 0.42890625 0.43046875 0.0265625 0.0734375
