2 0.88359375 0.65234375 0.2296875 0.6796875
3 0.62265625 0.07265625 0.0484375 0.0953125
2 0.67890625 0.17734375 0.1140625 0.2046875
3 0.409375 0.1203125 0.090625 0.165625
3 0.47421875 0.04609375 0.0453125 0.0921875
1 0.1359375 0.7546875 0.059375 0.159375
2 0.875 0.096875 0.084375 0.13125
1 0.40859375 0.39609375 0.0328125 0.1015625
0 0.59140625 0.046875 0.0265625 0.04375
1 0.24453125 0.66640625 0.0484375 0.1453125
3 0.54453125 0.0515625 0.0515625 0.103125
0 0.546875 0.07578125 0.046875 0.0546875
1 0.4109375 0.275 0.021875 0.065625
