3 0.21015625 0.6375 0.3921875 0.721875
0 0.6453125 0.459375 0.125 0.253125
3 0.75 0.22578125 0.23125 0.4515625
3 0.434375 0.1875 0.084375 0.19375
3 0.47265625 0.0703125 0.0453125 0.10625
3 0.58984375 0.184375 0.0796875 0.20625
2 0.5390625 0.02890625 0.0375 0.0578125
3 0.5890625 0.02421875 0.03125 0.0484375
0 0.56171875 0.096875 0.0390625 0.05625
3 0.8984375 0.0421875 0.071875 0.084375
2 0.58984375 0.184375 0.0796875 0.20625
1 0.378125 0.2296875 0.01875 0.05625
2 0.471875 0.0703125 0.04375 0.10625
