3 0.790625 0.03046875 0.06875 0.0609375
0 0.75859375 0.78203125 0.2421875 0.4328125
0 0.5921875 0.05390625 0.03125 0.0484375
1 0.3171875 0.54765625 0.0375 0.1171875
0 0.87734375 0.075 0.0640625 0.071875
1 0.3734375 0.32578125 0.028125 0.0703125
2 0.584375 0.0234375 0.03125 0.046875
0 0.65859375 0.15546875 0.0671875 0.1109375
0 0.53671875 0.01875 0.0328125 0.0375
2 0.53671875 0.01875 0.0328125 0.0375
1 0.43671875 0.371875 0.0234375 0.075
1 0.4359375 0.38046875 0.021875 0.0578125
1 0.43515625 0.1515625 0.0140625 0.046875
1 0.40546875 0.4421875 0.0359375 0.103125
