0 0.59375 0.209375 0.0625 0.09375
3 0.3921875 0.36484375 0.1375 0.3484375
2 0.625 0.06015625 0.046875 0.1109375
2 0.95234375 0.63046875 0.0921875 0.7328125
3 0.8859375 0.06640625 0.096875 0.1328125
3 0.7609375 0.6703125 0.28125 0.65625
1 0.29296875 0.42421875 0.0328125 0.0953125
3 0.9515625 0.62890625 0.09375 0.7390625
3 0.54921875 0.05703125 0.0546875 0.1140625
1 0.28828125 0.63046875 0.0453125 0.1359375
2 0.46171875 0.12734375 0.0609375 0.1484375
0 0.5734375 0.00859375 0.021875 0.0171875
0 0.678125 0.009375 0.021875 0.01875
3 0.83125 0.028125 0.06875 0.05625
2 0.75546875 0.02734375 0.0859375 0.0546875
