0 0.8015625 0.81796875 0.259375 0.3609375
0 0.921875 0.72890625 0.153125 0.3796875
3 0.871875 0.0546875 0.1 0.109375
0 0.5859375 0.18984375 0.065625 0.1171875
0 0.56796875 0.01328125 0.0234375 0.0265625
1 0.115625 0.91484375 0.075 0.1671875
0 0.75546875 0.03828125 0.0484375 0.0484375
1 0.38046875 0.31640625 0.0234375 0.0671875
0 0.6 0.05078125 0.0375 0.0609375
1 0.43046875 0.28515625 0.0203125 0.0578125
2 0.725 0.0125 0.05625 0.025
1 0.41484375 0.1890625 0.0171875 0.046875
3 0.725 0.0125 0.05625 0.025
