3 0.78203125 0.27109375 0.2109375 0.4015625
0 0.659375 0.14765625 0.053125 0.1015625
1 0.28515625 0.725 0.0578125 0.15625
0 0.5390625 0.01484375 0.025 0.0296875
1 0.29453125 0.4296875 0.0328125 0.09375
3 0.571875 0.11015625 0.06875 0.1734375
1 0.43125 0.21484375 0.01875 0.0546875
1 0.18515625 0.70625 0.0609375 0.15
0 0.60703125 0.0515625 0.0328125 0.05625
2 0.7421875 0.015625 0.05625 0.03125
1 0.3703125 0.271875 0.01875 0.059375
0 0.5796875 0.01796875 0.025 0.0265625
3 0.57265625 0.14296875 0.0703125 0.1109375
