3 0.6515625 0.32734375 0.1625 0.4140625
1 0.3203125 0.425 0.03125 0.096875
1 0.29921875 0.671875 0.0484375 0.14375
0 0.5546875 0.10078125 0.05625 0.0734375
2 0.55390625 0.04140625 0.0609375 0.0828125
2 0.8328125 0.0734375 0.165625 0.146875
0 0.4671875 0.06640625 0.034375 0.0703125
1 0.22109375 0.61171875 0.0453125 0.1265625
2 0.5921875 0.02578125 0.0375 0.0515625
1 0.284375 0.96328125 0.078125 0.0703125
1 0.41171875 0.27578125 0.0234375 0.0609375
1 0.2796875 0.94609375 0.0875 0.1046875
1 0.365625 0.56953125 0.046875 0.1046875
1 0.384375 0.4015625 0.03125 0.103125
1 0.4171875 0.115625 0.01875 0.0625
1 0.38515625 0.41640625 0.0296875 0.0734375
1 0.4359375 0.33828125 0.028125 0.0734375
