2 0.8625 0.40078125 0.25625 0.4890625
3 0.61640625 0.2296875 0.1484375 0.378125
3 0.634375 0.07890625 0.090625 0.1578125
1 0.31875 0.540625 0.0375 0.1125
2 0.7875 0.03125 0.071875 0.0625
1 0.35 0.2796875 0.021875 0.06875
1 0.4078125 0.46484375 0.03125 0.1046875
1 0.4328125 0.23125 0.015625 0.034375
3 0.54765625 0.04296875 0.0453125 0.0859375
0 0.58046875 0.0125 0.0265625 0.025
1 0.390625 0.21015625 0.015625 0.0484375
2 0.61640625 0.2296875 0.1484375 0.38125
0 0.54765625 0.04296875 0.0453125 0.0859375
