2 0.71484375 0.16640625 0.1359375 0.2734375
0 0.59453125 0.30546875 0.0953125 0.1890625
2 0.6140625 0.03203125 0.04375 0.0640625
1 0.32265625 0.61484375 0.0390625 0.1296875
1 0.39296875 0.6359375 0.0515625 0.15
0 0.75859375 0.8703125 0.2203125 0.25625
0 0.74453125 0.74296875 0.2453125 0.5109375
0 0.54921875 0.0359375 0.0421875 0.065625
0 0.72265625 0.6921875 0.2015625 0.409375
1 0.209375 0.56171875 0.046875 0.1234375
1 0.4140625 0.384375 0.034375 0.09375
1 0.3109375 0.45625 0.040625 0.10625
0 0.55078125 0.05078125 0.0390625 0.0359375
1 0.23046875 0.76796875 0.0796875 0.1828125
1 0.41640625 0.39375 0.0265625 0.075
