3 0.44765625 0.046875 0.0609375 0.09375
3 0.546875 0.0375 0.05 0.075
2 0.646875 0.0921875 0.084375 0.171875
2 0.7875 0.03046875 0.059375 0.0609375
2 0.58828125 0.0234375 0.0359375 0.046875
1 0.3796875 0.390625 0.025 0.08125
1 0.32578125 0.946875 0.0640625 0.103125
1 0.3140625 0.4015625 0.028125 0.08125
1 0.33125 0.67265625 0.040625 0.1390625
1 0.4296875 0.36328125 0.028125 0.0765625
1 0.40625 0.521875 0.040625 0.121875
1 0.23203125 0.734375 0.0390625 0.15
0 0.684375 0.0078125 0.021875 0.015625
1 0.22421875 0.721875 0.0890625 0.175
