2 0.9046875 0.584375 0.1875 0.821875
1 0.16875 0.8015625 0.053125 0.159375
1 0.30703125 0.53515625 0.0421875 0.1109375
3 0.546875 0.04765625 0.053125 0.0953125
2 0.7375 0.01328125 0.04375 0.0265625
3 0.6078125 0.1015625 0.0875 0.1
0 0.471875 0.04453125 0.028125 0.0609375
2 0.5796875 0.015625 0.03125 0.03125
0 0.58046875 0.01484375 0.0296875 0.0296875
1 0.309375 0.384375 0.03125 0.06875
1 0.37421875 0.75078125 0.0484375 0.1578125
1 0.37734375 0.7421875 0.0609375 0.178125
1 0.3796875 0.5125 0.040625 0.115625
1 0.3734375 0.3859375 0.034375 0.08125
3 0.61015625 0.1671875 0.0953125 0.2375
