0 0.815625 0.93125 0.215625 0.134375
2 0.81015625 0.32109375 0.1671875 0.3359375
3 0.79296875 0.03671875 0.0859375 0.0734375
1 0.221875 0.6453125 0.046875 0.13125
1 0.33203125 0.3984375 0.0296875 0.0875
3 0.42265625 0.2859375 0.1015625 0.271875
1 0.2828125 0.5421875 0.040625 0.11875
1 0.4140625 0.4703125 0.03125 0.1
2 0.42109375 0.2859375 0.1046875 0.271875
3 0.578125 0.15078125 0.10625 0.3015625
1 0.340625 0.271875 0.01875 0.05625
1 0.31015625 0.3625 0.0203125 0.071875
1 0.32265625 0.59609375 0.0453125 0.1296875
2 0.42109375 0.21796875 0.1046875 0.1359375
