3 0.7421875 0.16875 0.16875 0.240625
0 0.64296875 0.12578125 0.0421875 0.0921875
1 0.24375 0.57265625 0.046875 0.1234375
1 0.33359375 0.55390625 0.0453125 0.1234375
0 0.5375 0.0125 0.021875 0.025
0 0.60078125 0.04375 0.0296875 0.05
2 0.74609375 0.01796875 0.0546875 0.0359375
1 0.31953125 0.3765625 0.0265625 0.084375
3 0.565625 0.09296875 0.0625 0.1578125
1 0.38046875 0.23828125 0.0171875 0.0515625
0 0.575 0.0078125 0.021875 0.015625
1 0.4390625 0.1859375 0.01875 0.046875
3 0.56640625 0.1203125 0.0609375 0.103125
