3 0.43046875 0.05703125 0.0578125 0.1140625
2 0.62265625 0.065625 0.0515625 0.109375
2 0.790625 0.03515625 0.090625 0.0703125
0 0.79296875 0.06796875 0.0453125 0.0515625
0 0.578125 0.0109375 0.025 0.021875
3 0.55234375 0.06015625 0.0421875 0.0859375
0 0.478125 0.03203125 0.028125 0.0515625
3 0.53515625 0.01328125 0.0359375 0.0265625
0 0.73359375 0.0265625 0.0359375 0.034375
1 0.4703125 0.12265625 0.0125 0.0359375
0 0.62890625 0.1046875 0.0390625 0.034375
2 0.88828125 0.0984375 0.0890625 0.128125
