3 0.81171875 0.03671875 0.0734375 0.0734375
0 0.6546875 0.45 0.125 0.265625
0 0.6328125 0.11015625 0.053125 0.0890625
1 0.28515625 0.690625 0.0484375 0.140625
1 0.35546875 0.73359375 0.0453125 0.1546875
1 0.3640625 0.378125 0.025 0.08125
1 0.3984375 0.24140625 0.021875 0.0546875
1 0.45390625 0.2546875 0.0171875 0.053125
0 0.584375 0.0375 0.028125 0.040625
2 0.53515625 0.0125 0.0296875 0.025
1 0.453125 0.26171875 0.015625 0.0421875
0 0.709375 0.0171875 0.0375 0.034375
1 0.43125 0.31328125 0.01875 0.0484375
