2 0.746875 0.20859375 0.128125 0.2703125
0 0.60234375 0.25859375 0.0859375 0.1640625
0 0.6234375 0.0609375 0.046875 0.06875
1 0.31015625 0.73203125 0.0515625 0.1609375
2 0.78515625 0.015625 0.0671875 0.03125
0 0.55 0.03671875 0.0375 0.0609375
1 0.4203125 0.446875 0.0375 0.109375
1 0.21328125 0.6734375 0.0515625 0.15
2 0.60390625 0.02734375 0.0453125 0.0546875
1 0.41015625 0.3375 0.0296875 0.065625
1 0.353125 0.4859375 0.034375 0.09375
1 0.38125 0.64609375 0.046875 0.1546875
1 0.36171875 0.27265625 0.0265625 0.0703125
