2 0.66171875 0.12578125 0.0734375 0.1671875
0 0.72890625 0.271875 0.0890625 0.128125
0 0.5640625 0.14375 0.053125 0.090625
1 0.30390625 0.859375 0.0546875 0.175
1 0.384375 0.72890625 0.053125 0.1640625
1 0.25234375 0.6453125 0.0515625 0.134375
0 0.8390625 0.9203125 0.2375 0.15625
2 0.79375 0.7203125 0.3125 0.55625
1 0.27265625 0.49140625 0.0359375 0.0859375
3 0.83984375 0.9203125 0.2359375 0.15625
0 0.58125 0.02734375 0.025 0.0421875
2 0.55625 0.05625 0.0375 0.06875
0 0.5296875 0.00703125 0.01875 0.0140625
2 0.83984375 0.9203125 0.2359375 0.15625
