3 0.9125 0.7390625 0.171875 0.51875
3 0.453125 0.03984375 0.053125 0.0796875
2 0.6265625 0.06640625 0.065625 0.1328125
3 0.54375 0.02890625 0.04375 0.0578125
2 0.81484375 0.03984375 0.0703125 0.0796875
0 0.25390625 0.8671875 0.2265625 0.2625
2 0.58125 0.01640625 0.03125 0.0328125
1 0.40078125 0.59296875 0.0453125 0.1296875
1 0.3703125 0.44921875 0.0375 0.1015625
0 0.69921875 0.015625 0.0296875 0.03125
1 0.29140625 0.67265625 0.0421875 0.1265625
1 0.42890625 0.3625 0.0296875 0.090625
1 0.1671875 0.7203125 0.053125 0.15
1 0.290625 0.66953125 0.059375 0.1328125
1 0.35234375 0.30625 0.0234375 0.0625
