1 0.2953125 0.9265625 0.065625 0.14375
1 0.2703125 0.57578125 0.040625 0.1234375
3 0.74140625 0.61015625 0.3078125 0.7734375
2 0.7890625 0.059375 0.125 0.11875
1 0.4078125 0.475 0.0375 0.10625
3 0.60390625 0.03671875 0.0421875 0.0734375
1 0.39453125 0.3515625 0.0265625 0.075
1 0.3375 0.58359375 0.04375 0.1359375
1 0.34609375 0.28515625 0.0234375 0.0671875
1 0.43046875 0.36171875 0.0296875 0.0671875
1 0.35546875 0.43046875 0.0296875 0.0953125
2 0.56015625 0.08828125 0.0734375 0.1765625
1 0.3875 0.23359375 0.021875 0.0484375
0 0.703125 0.00390625 0.03125 0.0078125
1 0.41640625 0.2625 0.0234375 0.05625
1 0.40859375 0.15546875 0.0171875 0.0484375
3 0.75625 0.7890625 0.2875 0.41875
2 0.56015625 0.05234375 0.0703125 0.1046875
