2 0.84453125 0.54140625 0.3078125 0.9109375
0 0.84609375 0.07734375 0.0609375 0.0578125
1 0.21875 0.87890625 0.053125 0.1828125
1 0.32890625 0.61953125 0.0453125 0.1296875
3 0.575 0.01328125 0.040625 0.0265625
1 0.409375 0.5734375 0.046875 0.13125
2 0.753125 0.021875 0.08125 0.04375
0 0.48203125 0.03203125 0.0265625 0.0546875
3 0.753125 0.021875 0.08125 0.04375
1 0.3765625 0.3265625 0.025 0.071875
1 0.30546875 0.48046875 0.0328125 0.0953125
1 0.45390625 0.3421875 0.0265625 0.078125
1 0.403125 0.38515625 0.025 0.0734375
