3 0.4328125 0.06484375 0.065625 0.1265625
3 0.553125 0.0625 0.059375 0.125
2 0.7265625 0.20625 0.140625 0.284375
1 0.2 0.640625 0.04375 0.134375
1 0.14609375 0.8109375 0.0609375 0.16875
2 0.74375 0.015625 0.05 0.03125
1 0.4234375 0.48671875 0.0375 0.1171875
1 0.34765625 0.521875 0.0453125 0.134375
3 0.7265625 0.20625 0.140625 0.284375
2 0.60703125 0.04375 0.0484375 0.0875
2 0.82265625 0.04453125 0.0671875 0.0859375
3 0.60703125 0.04375 0.0484375 0.0875
1 0.3734375 0.78046875 0.053125 0.1703125
1 0.3765625 0.35078125 0.028125 0.0765625
