2 0.75234375 0.221875 0.2296875 0.44375
0 0.640625 0.409375 0.1125 0.24375
0 0.56484375 0.15859375 0.0546875 0.0828125
1 0.33984375 0.63046875 0.0484375 0.1390625
1 0.26484375 0.50859375 0.0515625 0.1171875
0 0.6015625 0.05546875 0.034375 0.0515625
0 0.97265625 0.22578125 0.0515625 0.0953125
3 0.16484375 0.79140625 0.3296875 0.4140625
1 0.42109375 0.48125 0.0390625 0.115625
1 0.31484375 0.3984375 0.0296875 0.090625
1 0.3921875 0.33671875 0.028125 0.0734375
0 0.559375 0.06015625 0.05625 0.1171875
