3 0.3546875 0.334375 0.18125 0.396875
3 0.70703125 0.16171875 0.1484375 0.2796875
2 0.77578125 0.03984375 0.0609375 0.0796875
2 0.82734375 0.0359375 0.0515625 0.071875
3 0.759375 0.8140625 0.38125 0.36875
0 0.97265625 0.21796875 0.0515625 0.0640625
3 0.6 0.040625 0.05 0.08125
2 0.70703125 0.1609375 0.1484375 0.28125
0 0.5515625 0.01171875 0.034375 0.0234375
2 0.59921875 0.03984375 0.0515625 0.0796875
3 0.74140625 0.57421875 0.4140625 0.8484375
2 0.74140625 0.57421875 0.4109375 0.8484375
2 0.90234375 0.0453125 0.0640625 0.06875
0 0.7265625 0.02734375 0.034375 0.0421875
