0 0.83671875 0.42265625 0.0828125 0.2140625
3 0.56484375 0.11328125 0.0578125 0.1484375
0 0.6203125 0.07734375 0.040625 0.0546875
2 0.85546875 0.0609375 0.1546875 0.121875
1 0.1515625 0.8359375 0.0625 0.171875
0 0.59375 0.03671875 0.03125 0.0421875
1 0.30859375 0.92734375 0.0734375 0.1421875
1 0.29296875 0.471875 0.0390625 0.109375
0 0.54453125 0.03203125 0.0296875 0.0390625
1 0.234375 0.83515625 0.05 0.1671875
1 0.3953125 0.60078125 0.05 0.1453125
1 0.4296875 0.29140625 0.025 0.0703125
1 0.35703125 0.378125 0.0359375 0.1
0 0.69609375 0.45078125 0.2703125 0.6828125
0 0.53828125 0.0109375 0.0203125 0.021875
1 0.403125 0.16796875 0.015625 0.0453125
1 0.38828125 0.909375 0.0640625 0.178125
3 0.69609375 0.45 0.2703125 0.68125
