3 0.56796875 0.11484375 0.0828125 0.2296875
3 0.61796875 0.04921875 0.0515625 0.0984375
1 0.18046875 0.8484375 0.0546875 0.184375
1 0.3625 0.725 0.05 0.15
1 0.31015625 0.57890625 0.0421875 0.1359375
1 0.42890625 0.409375 0.0296875 0.09375
1 0.36875 0.4625 0.034375 0.1
1 0.31015625 0.36171875 0.0296875 0.0828125
1 0.40078125 0.5359375 0.0296875 0.075
1 0.45625 0.32265625 0.025 0.0765625
0 0.459375 0.1078125 0.040625 0.0875
1 0.39765625 0.34765625 0.0265625 0.0734375
1 0.365625 0.30078125 0.025 0.0671875
1 0.425 0.2953125 0.021875 0.0625
