2 0.5921875 0.03203125 0.0375 0.0640625
3 0.76875 0.02421875 0.059375 0.0484375
0 0.603125 0.0765625 0.034375 0.053125
1 0.2171875 0.89140625 0.06875 0.2109375
0 0.84765625 0.05859375 0.0546875 0.0671875
1 0.35625 0.7375 0.059375 0.171875
1 0.33359375 0.46015625 0.0359375 0.1015625
1 0.4046875 0.57421875 0.0375 0.1171875
2 0.53984375 0.02578125 0.0359375 0.0515625
1 0.46171875 0.19765625 0.0171875 0.0515625
1 0.4203125 0.2046875 0.01875 0.053125
0 0.69609375 0.22421875 0.0890625 0.1453125
2 0.69609375 0.22421875 0.0890625 0.1453125
