2 0.853125 0.54765625 0.290625 0.8984375
1 0.259375 0.53984375 0.040625 0.1078125
2 0.753125 0.01875 0.05 0.0375
0 0.296875 0.91328125 0.209375 0.1703125
1 0.35859375 0.59765625 0.0484375 0.1453125
1 0.25078125 0.7515625 0.0609375 0.178125
3 0.5984375 0.11328125 0.075 0.1859375
2 0.5984375 0.11328125 0.075 0.1859375
2 0.54453125 0.0375 0.0484375 0.075
0 0.57421875 0.009375 0.0265625 0.01875
1 0.41171875 0.49765625 0.0390625 0.1140625
3 0.5453125 0.0375 0.046875 0.075
0 0.475 0.03359375 0.028125 0.0546875
