2 0.80390625 0.0390625 0.0859375 0.078125
2 0.878125 0.44453125 0.240625 0.4671875
0 0.61640625 0.30390625 0.0828125 0.1359375
0 0.64296875 0.14375 0.0546875 0.078125
0 0.59765625 0.0546875 0.0328125 0.046875
1 0.384375 0.63046875 0.05 0.1515625
0 0.56796875 0.0046875 0.0203125 0.009375
1 0.43125 0.4078125 0.03125 0.084375
0 0.54296875 0.04453125 0.0328125 0.0578125
1 0.23125 0.57265625 0.04375 0.1203125
0 0.48203125 0.00859375 0.0203125 0.0171875
1 0.309375 0.45390625 0.034375 0.0859375
0 0.53515625 0.003125 0.0171875 0.00625
1 0.43671875 0.26953125 0.0234375 0.0609375
1 0.465625 0.278125 0.025 0.06875
