3 0.6296875 0.36796875 0.13125 0.3359375
3 0.77734375 0.32421875 0.1609375 0.3203125
0 0.653125 0.1421875 0.05625 0.0875
2 0.81796875 0.0453125 0.0984375 0.090625
1 0.32265625 0.51484375 0.0421875 0.1171875
1 0.38125 0.52109375 0.0375 0.1109375
3 0.45390625 0.03359375 0.0421875 0.0671875
1 0.4046875 0.25859375 0.021875 0.0484375
0 0.57890625 0.16328125 0.0640625 0.1234375
0 0.52578125 0.00703125 0.0265625 0.0140625
3 0.58984375 0.03671875 0.0453125 0.0734375
1 0.34375 0.28828125 0.025 0.0671875
2 0.5890625 0.03671875 0.04375 0.0734375
1 0.42421875 0.18203125 0.0203125 0.0484375
2 0.9734375 0.20390625 0.05 0.0984375
2 0.74609375 0.02109375 0.0546875 0.0421875
