2 0.80859375 0.04140625 0.1296875 0.0828125
0 0.6671875 0.1609375 0.059375 0.08125
3 0.59609375 0.24921875 0.1046875 0.2515625
0 0.55546875 0.07734375 0.0390625 0.0546875
0 0.6171875 0.08203125 0.040625 0.0578125
1 0.15234375 0.80625 0.0578125 0.171875
1 0.35234375 0.715625 0.0515625 0.153125
0 0.54453125 0.02578125 0.0265625 0.0484375
1 0.2984375 0.421875 0.03125 0.09375
1 0.41484375 0.52890625 0.0296875 0.0984375
0 0.80859375 0.090625 0.0578125 0.05625
1 0.27578125 0.66484375 0.0578125 0.1609375
1 0.4171875 0.365625 0.025 0.075
1 0.3734375 0.23828125 0.01875 0.0484375
1 0.46015625 0.26953125 0.0203125 0.0546875
