3 0.6390625 0.35234375 0.13125 0.3234375
3 0.68203125 0.175 0.0921875 0.175
1 0.37578125 0.65859375 0.0484375 0.1359375
3 0.61328125 0.1078125 0.0546875 0.096875
1 0.309375 0.41015625 0.03125 0.0859375
0 0.85 0.14296875 0.075 0.1078125
1 0.3984375 0.45234375 0.03125 0.0953125
1 0.4359375 0.20703125 0.01875 0.0421875
3 0.5703125 0.15078125 0.0625 0.1453125
0 0.5734375 0.04296875 0.025 0.0390625
1 0.39375 0.2453125 0.015625 0.046875
3 0.5703125 0.11953125 0.0625 0.0828125
0 0.54609375 0.090625 0.0296875 0.05
