3 0.6609375 0.11171875 0.09375 0.1921875
3 0.54765625 0.04296875 0.0515625 0.0859375
3 0.4453125 0.0515625 0.0625 0.103125
1 0.42109375 0.4296875 0.0328125 0.090625
1 0.3640625 0.4578125 0.03125 0.103125
1 0.3875 0.64375 0.05 0.14375
1 0.2859375 0.46328125 0.03125 0.0984375
2 0.77421875 0.02578125 0.0578125 0.0515625
2 0.975 0.2046875 0.046875 0.059375
2 0.89453125 0.09921875 0.0765625 0.1359375
3 0.59140625 0.028125 0.0390625 0.05625
2 0.59140625 0.028125 0.0390625 0.05625
1 0.17421875 0.9109375 0.0703125 0.175
1 0.45234375 0.290625 0.0234375 0.06875
