0 0.615625 0.415625 0.1 0.184375
2 0.91171875 0.57421875 0.1734375 0.8328125
0 0.65390625 0.14296875 0.0515625 0.0828125
3 0.5828125 0.1296875 0.1 0.253125
0 0.83359375 0.1109375 0.0609375 0.065625
1 0.41796875 0.5890625 0.0390625 0.125
1 0.346875 0.58671875 0.046875 0.1421875
1 0.29140625 0.45546875 0.0234375 0.0796875
1 0.27734375 0.61953125 0.0484375 0.1390625
0 0.7375 0.04296875 0.028125 0.0453125
1 0.4296875 0.3515625 0.028125 0.0625
1 0.35234375 0.4359375 0.0296875 0.078125
1 0.2125 0.72734375 0.0625 0.1640625
