3 0.65703125 0.13203125 0.0953125 0.1984375
3 0.8234375 0.071875 0.1 0.134375
3 0.43125 0.0734375 0.065625 0.125
1 0.38203125 0.56484375 0.0421875 0.1203125
1 0.4140625 0.2703125 0.021875 0.059375
1 0.33203125 0.5 0.0359375 0.103125
2 0.74609375 0.021875 0.0671875 0.04375
2 0.57890625 0.01796875 0.0359375 0.0359375
3 0.746875 0.021875 0.065625 0.04375
1 0.38203125 0.26484375 0.0234375 0.0578125
2 0.5421875 0.03046875 0.034375 0.0609375
0 0.54296875 0.03125 0.0359375 0.0625
1 0.39453125 0.38125 0.0328125 0.09375
1 0.184375 0.9203125 0.071875 0.15625
