0 0.7015625 0.23359375 0.08125 0.1296875
2 0.790625 0.0359375 0.0875 0.071875
3 0.446875 0.04453125 0.05 0.0890625
1 0.20078125 0.78828125 0.0578125 0.1515625
1 0.2640625 0.48671875 0.040625 0.1078125
2 0.6203125 0.31171875 0.103125 0.2140625
0 0.53125 0.0125 0.028125 0.025
1 0.35703125 0.43359375 0.0328125 0.0890625
2 0.603125 0.053125 0.05625 0.10625
0 0.56484375 0.00625 0.0234375 0.0125
1 0.3921875 0.275 0.021875 0.0625
1 0.42890625 0.28828125 0.0265625 0.0703125
2 0.73203125 0.01640625 0.0421875 0.0328125
1 0.42421875 0.19296875 0.0234375 0.0484375
3 0.6203125 0.31171875 0.103125 0.2140625
