3 0.41171875 0.11484375 0.0859375 0.1640625
1 0.30078125 0.67578125 0.0484375 0.1390625
2 0.56796875 0.1078125 0.0609375 0.14375
0 0.53046875 0.00625 0.0265625 0.0125
3 0.75234375 0.04296875 0.0828125 0.0859375
2 0.60546875 0.046875 0.0546875 0.084375
3 0.93125 0.68828125 0.134375 0.6171875
2 0.57890625 0.01875 0.0359375 0.0375
3 0.815625 0.040625 0.05 0.08125
1 0.13125 0.9484375 0.059375 0.1
3 0.48671875 0.01328125 0.0359375 0.0265625
0 0.4890625 0.01328125 0.040625 0.0265625
2 0.5859375 0.01796875 0.053125 0.0359375
