0 0.67890625 0.55 0.1359375 0.253125
0 0.678125 0.21171875 0.06875 0.1015625
2 0.76484375 0.0265625 0.0734375 0.053125
0 0.61328125 0.08125 0.0390625 0.05625
0 0.5484375 0.0703125 0.0375 0.065625
2 0.9578125 0.709375 0.08125 0.565625
1 0.3828125 0.71015625 0.05 0.1515625
0 0.53828125 0.009375 0.0203125 0.01875
1 0.1296875 0.85625 0.071875 0.23125
0 0.47890625 0.015625 0.0234375 0.03125
0 0.5734375 0.01015625 0.021875 0.0203125
1 0.24140625 0.70625 0.0515625 0.14375
1 0.378125 0.2734375 0.025 0.06875
1 0.34296875 0.43359375 0.0359375 0.1046875
