0 0.6859375 0.734375 0.175 0.375
0 0.69375 0.2078125 0.059375 0.109375
3 0.60703125 0.20234375 0.1328125 0.3390625
1 0.2171875 0.85 0.065625 0.203125
2 0.8703125 0.0578125 0.128125 0.115625
1 0.42421875 0.49765625 0.0390625 0.1078125
1 0.3171875 0.5578125 0.03125 0.1125
1 0.35 0.34375 0.034375 0.0875
0 0.58125 0.01796875 0.025 0.0359375
0 0.79453125 0.0796875 0.0515625 0.05
1 0.31328125 0.80078125 0.0578125 0.1828125
1 0.39375 0.66171875 0.046875 0.1140625
0 0.9734375 0.21953125 0.05 0.0828125
1 0.25703125 0.56875 0.0296875 0.090625
2 0.5515625 0.0671875 0.04375 0.1125
1 0.43984375 0.33984375 0.0296875 0.0859375
0 0.54140625 0.00546875 0.0234375 0.0109375
0 0.71796875 0.02734375 0.0265625 0.0359375
0 0.60234375 0.03125 0.0234375 0.01875
