2 0.86484375 0.40625 0.2671875 0.540625
0 0.66484375 0.63671875 0.1703125 0.3984375
2 0.63828125 0.06171875 0.0640625 0.1234375
0 0.5390625 0.009375 0.025 0.01875
0 0.590625 0.0140625 0.03125 0.028125
0 0.559375 0.0828125 0.05 0.084375
1 0.315625 0.6703125 0.05 0.15
1 0.39921875 0.4609375 0.0359375 0.109375
1 0.35078125 0.82578125 0.0578125 0.1828125
1 0.35625 0.421875 0.034375 0.103125
1 0.1984375 0.840625 0.075 0.2
2 0.8734375 0.04296875 0.10625 0.0859375
1 0.33203125 0.29921875 0.0265625 0.0765625
