3 0.8875 0.6296875 0.221875 0.734375
3 0.7625 0.04453125 0.084375 0.0890625
3 0.41328125 0.109375 0.0828125 0.159375
1 0.334375 0.546875 0.040625 0.115625
0 0.5296875 0.0046875 0.028125 0.009375
1 0.315625 0.7703125 0.053125 0.16875
3 0.56484375 0.090625 0.0578125 0.13125
1 0.209375 0.76796875 0.0625 0.1765625
1 0.4421875 0.28671875 0.025 0.0546875
2 0.60234375 0.03984375 0.0453125 0.0796875
3 0.70390625 0.009375 0.0421875 0.01875
1 0.23359375 0.53984375 0.0453125 0.1171875
1 0.20390625 0.77578125 0.0484375 0.1609375
