0 0.7625 0.346875 0.121875 0.184375
0 0.6890625 0.56015625 0.18125 0.3859375
3 0.8671875 0.09921875 0.128125 0.1578125
3 0.61640625 0.06796875 0.0671875 0.1359375
3 0.44296875 0.05234375 0.0578125 0.1046875
3 0.6890625 0.56015625 0.18125 0.3859375
3 0.77421875 0.03046875 0.0796875 0.0609375
1 0.2875 0.675 0.046875 0.1375
1 0.3578125 0.37890625 0.03125 0.0828125
0 0.534375 0.01796875 0.028125 0.0359375
0 0.57109375 0.01015625 0.0296875 0.0203125
3 0.721875 0.0125 0.0375 0.025
1 0.39921875 0.41484375 0.0328125 0.0953125
1 0.1546875 0.7796875 0.071875 0.171875
1 0.4046875 0.25625 0.021875 0.05625
1 0.3640625 0.15625 0.025 0.0375
