0 0.57421875 0.08984375 0.0390625 0.0640625
0 0.58515625 0.20234375 0.0640625 0.1078125
0 0.82265625 0.053125 0.0515625 0.05625
0 0.5484375 0.0609375 0.0375 0.059375
0 0.53828125 0.01484375 0.0234375 0.0296875
1 0.23828125 0.62578125 0.0578125 0.1453125
1 0.41015625 0.2921875 0.0203125 0.06875
2 0.76328125 0.02421875 0.0359375 0.0484375
2 0.58828125 0.02578125 0.0421875 0.0515625
1 0.38359375 0.2765625 0.0203125 0.05625
2 0.7265625 0.00859375 0.028125 0.0171875
1 0.4640625 0.13359375 0.015625 0.0421875
