0 0.78046875 0.35234375 0.1140625 0.1640625
0 0.64375 0.12109375 0.046875 0.0703125
2 0.60546875 0.05390625 0.0546875 0.1078125
1 0.20859375 0.70078125 0.0453125 0.1484375
3 0.6140625 0.25703125 0.096875 0.2421875
1 0.39375 0.63359375 0.05 0.1359375
1 0.25859375 0.91875 0.0578125 0.159375
1 0.128125 0.7359375 0.053125 0.153125
0 0.553125 0.08203125 0.040625 0.0578125
0 0.5671875 0.009375 0.01875 0.01875
0 0.54453125 0.0234375 0.0296875 0.046875
1 0.31953125 0.5203125 0.0359375 0.10625
2 0.6953125 0.01875 0.0625 0.0375
