3 0.75390625 0.02421875 0.0609375 0.0484375
1 0.17109375 0.653125 0.0484375 0.134375
3 0.8265625 0.06171875 0.103125 0.1234375
1 0.290625 0.3890625 0.028125 0.084375
1 0.2421875 0.65234375 0.046875 0.1359375
1 0.33984375 0.9125 0.0578125 0.171875
2 0.3796875 0.39140625 0.153125 0.2703125
2 0.82578125 0.06171875 0.1015625 0.1234375
3 0.63671875 0.3265625 0.2140625 0.58125
1 0.11015625 0.9640625 0.0609375 0.06875
0 0.36328125 0.58125 0.1453125 0.265625
2 0.37421875 0.48515625 0.1671875 0.4578125
3 0.6453125 0.4453125 0.196875 0.34375
