2 0.78359375 0.0328125 0.0765625 0.065625
0 0.63984375 0.396875 0.1015625 0.178125
0 0.659375 0.17578125 0.059375 0.0890625
0 0.6046875 0.06640625 0.0375 0.0515625
0 0.5453125 0.05625 0.034375 0.0625
0 0.53671875 0.00625 0.0203125 0.0125
0 0.57109375 0.00703125 0.0203125 0.0140625
1 0.41328125 0.52421875 0.0390625 0.1109375
1 0.184375 0.703125 0.05 0.14375
0 0.4796875 0.01171875 0.025 0.0234375
1 0.28046875 0.55390625 0.0390625 0.1171875
2 0.9078125 0.61953125 0.18125 0.6546875
1 0.36484375 0.36875 0.0296875 0.0875
1 0.39140625 0.23984375 0.0171875 0.0515625
