0 0.83125 0.06796875 0.071875 0.0765625
1 0.3734375 0.76484375 0.065625 0.1828125
0 0.58125 0.00625 0.03125 0.0125
1 0.37734375 0.52578125 0.0421875 0.1203125
1 0.29296875 0.80078125 0.0546875 0.1796875
1 0.42734375 0.4453125 0.0359375 0.1125
3 0.93515625 0.678125 0.1265625 0.6375
0 0.5484375 0.05703125 0.0375 0.0703125
1 0.228125 0.5484375 0.046875 0.128125
1 0.390625 0.1859375 0.01875 0.0625
0 0.54921875 0.0734375 0.0359375 0.0375
2 0.83359375 0.02578125 0.0828125 0.0515625
0 0.83359375 0.02578125 0.0828125 0.0515625
2 0.93515625 0.678125 0.1265625 0.6375
