0 0.5828125 0.24765625 0.084375 0.1578125
2 0.6875 0.128125 0.11875 0.234375
2 0.6078125 0.025 0.04375 0.05
1 0.35234375 0.48515625 0.0296875 0.1078125
0 0.54609375 0.0265625 0.0359375 0.053125
0 0.68828125 0.67734375 0.1609375 0.3328125
1 0.4140625 0.4875 0.04375 0.1125
0 0.66875 0.4609375 0.14375 0.215625
1 0.428125 0.315625 0.03125 0.078125
1 0.24296875 0.478125 0.0390625 0.109375
1 0.30390625 0.93515625 0.0578125 0.1265625
1 0.27890625 0.6015625 0.0671875 0.15
2 0.7640625 0.02421875 0.05 0.0484375
2 0.68828125 0.678125 0.1609375 0.33125
