0 0.89140625 0.59453125 0.2140625 0.3890625
2 0.6140625 0.05625 0.053125 0.1125
0 0.6375 0.14375 0.05 0.078125
2 0.546875 0.046875 0.05 0.09375
1 0.41796875 0.41484375 0.0328125 0.0921875
0 0.81328125 0.0921875 0.0546875 0.053125
1 0.365625 0.403125 0.028125 0.090625
1 0.3140625 0.4109375 0.028125 0.084375
2 0.88984375 0.06171875 0.0828125 0.1234375
2 0.7328125 0.01484375 0.046875 0.0296875
0 0.80390625 0.0484375 0.0328125 0.034375
0 0.79921875 0.03359375 0.0453125 0.0578125
1 0.4265625 0.1703125 0.015625 0.04375
